0.30000 0.02708
0.31000 0.02470
0.32000 0.05217
0.33000 0.05274
0.34000 0.07416
0.35000 0.09327
0.36000 0.11371
0.37000 0.12800
0.38000 0.15640
0.39000 0.16151
0.40000 0.19845
0.41000 0.21815
0.42000 0.23835
0.43000 0.26597
0.43800 0.28990
0.44000 0.28303
0.45000 0.31707
0.46000 0.33270
0.47000 0.37540
0.48000 0.42466
0.48300 0.43881
0.50000 0.47413
0.51000 0.52064
0.52000 0.56524
0.53000 0.63096
0.54000 0.71359
0.55000 0.79137
0.56000 0.84939
0.58000 1.01287
0.59938 1.28245
0.60000 1.29093
0.60240 1.35510
0.61050 1.45697
0.61250 1.49740
0.62951 1.84064
0.63000 1.85046
0.63050 1.95614
0.63750 2.02137
0.64000 2.04465
0.64051 2.15803
0.64260 2.16174
0.65049 2.44556
0.65952 2.69051
0.66000 2.70554
0.66050 2.70229
0.66260 2.82582
0.67050 3.14040
0.67760 3.52241
0.68059 3.63667
0.68750 4.05875
0.68760 4.06486
0.68956 4.11564
0.69000 4.12706
0.69043 4.21704
0.69760 4.72481
0.70000 4.79195
0.70052 4.81325
0.70760 5.30947
0.71951 6.24638
0.72000 6.28507
0.72025 6.34609
0.72760 6.82234
0.73024 7.07155
0.73750 7.67709
0.73760 7.68544
0.74000 8.09309
0.74020 7.89195
0.74760 8.30913
0.74950 8.45842
0.74979 8.48177
0.75000 8.49630
0.75020 7.38874
0.75028 8.61926
0.75040 8.63821
0.75760 8.87957
0.75950 8.90606
0.75979 8.91064
0.76000 8.99213
0.76018 9.16500
0.76040 9.01263
0.76350 9.17978
0.76379 9.19700
0.76400 9.23256
0.76417 9.26126
0.76440 9.24488
0.76500 9.30450
0.76760 9.56279
0.76950 9.72808
0.76979 9.75655
0.77000 9.98385
0.77011 10.11901
0.77040 9.99560
0.77320 10.88255
0.77350 10.94285
0.77360 10.96913
0.77379 11.09155
0.77400 11.18165
0.77438 11.06369
0.77440 11.35736
0.77560 12.57992
0.77750 14.01358
0.77779 14.22988
0.77800 14.55344
0.77811 14.99073
0.77817 15.37035
0.77820 15.58635
0.77840 15.58146
0.77871 15.78471
0.77948 16.41168
0.77960 16.50617
0.77979 16.81348
0.77990 17.16791
0.78000 17.34893
0.78017 17.92885
0.78040 18.13527
0.78059 18.36641
0.78079 18.59873
0.78100 18.68801
0.78140 19.08201
0.78160 19.33087
0.78163 19.37094
0.78179 19.55568
0.78200 19.51547
0.78213 19.22629
0.78223 18.70102
0.78240 19.16394
0.78252 19.21715
0.78279 19.32737
0.78290 19.31430
0.78300 18.86036
0.78320 17.04675
0.78340 18.03569
0.78351 18.14434
0.78360 18.22463
0.78379 18.02941
0.78400 17.40771
0.78424 16.69671
0.78440 16.80061
0.78500 15.53633
0.78540 14.44595
0.78551 14.15187
0.78560 13.91558
0.78579 13.85573
0.78600 13.22377
0.78604 12.83280
0.78618 13.39674
0.78640 12.99711
0.78760 12.35237
0.78820 11.82306
0.78920 11.57849
0.78950 10.48866
0.78960 10.13217
0.78979 9.37782
0.79000 9.27059
0.79009 9.22490
0.79040 9.15835
0.79050 9.12085
0.79160 8.70839
0.79320 8.21032
0.79349 7.99368
0.79379 7.77977
0.79400 7.72207
0.79414 7.54350
0.79440 7.63345
0.79760 6.94550
0.79949 6.76046
0.79979 6.73309
0.80000 6.86623
0.80002 6.72571
0.80040 6.57852
0.80760 5.80641
0.80949 5.73728
0.80979 5.72731
0.81000 5.73299
0.81014 5.56356
0.81040 5.52686
0.81250 5.36581
0.81760 4.97458
0.81949 4.94591
0.82000 4.93857
0.82002 4.90626
0.82997 4.24421
0.83750 3.81412
0.83760 3.80841
0.83947 3.76139
0.84000 3.74822
0.84320 3.54318
0.84760 3.39301
0.84924 3.26531
0.85960 2.87528
0.86250 2.79310
0.86760 2.64866
0.86950 2.52906
0.87760 2.26892
0.87945 2.22001
0.87984 2.20975
0.88000 2.20608
0.88750 2.04921
0.88760 2.04712
0.88972 1.96603
0.89320 1.92502
0.90004 1.80336
0.90760 1.64640
0.91000 1.60358
0.91002 1.60321
0.91760 1.47447
0.91943 1.47083
0.92000 1.46968
0.92760 1.34083
0.93760 1.23160
0.93945 1.22832
0.94000 1.22739
0.94219 1.22668
0.94760 1.13169
0.94945 1.13990
0.95000 1.14234
0.95400 1.11147
0.95745 1.08749
0.95760 1.08645
0.95800 1.09777
0.96000 1.10614
0.96300 1.11883
0.96760 1.06465
0.96946 1.02121
0.97000 1.00848
0.97760 1.01785
0.98000 0.98901
0.98400 0.94490
0.98402 1.01078
0.98410 1.01417
0.98421 1.01874
0.98500 0.98989
0.98558 0.98569
0.98750 0.97853
0.98760 0.97818
0.99400 1.01467
0.99760 1.17652
0.99800 1.19621
1.00000 1.30969
1.00010 1.30746
1.00200 1.26510
1.00300 1.30693
1.00371 1.40269
1.00391 1.39924
1.00400 1.39661
1.00407 1.39760
1.00425 1.53312
1.00464 1.52902
1.00496 1.56356
1.00500 1.56818
1.00600 1.70916
1.00660 1.80126
1.00700 1.86584
1.00800 1.86176
1.00862 2.07565
1.00900 2.24073
1.00990 2.38452
1.01000 2.40025
1.01017 2.54191
1.01027 2.68202
1.01030 2.65109
1.01034 2.60927
1.01047 2.76410
1.01070 3.00445
1.01076 3.06623
1.01086 3.17313
1.01100 3.26530
1.01130 3.38700
1.01136 3.43004
1.01157 3.49212
1.01276 4.92131
1.01296 5.48480
1.01300 5.62548
1.01388 6.93592
1.01500 8.93999
1.01507 9.09785
1.01525 9.72111
1.01543 10.34840
1.01566 11.66929
1.01570 11.89898
1.01575 12.18680
1.01599 13.89713
1.01602 14.00547
1.01607 14.27124
1.01611 14.45693
1.01612 14.57052
1.01620 15.10820
1.01637 16.25059
1.01654 17.84608
1.01668 19.56789
1.01678 20.22459
1.01685 20.66622
1.01694 21.41216
1.01700 21.80393
1.01702 22.02144
1.01709 23.01846
1.01710 23.14693
1.01716 23.86717
1.01716 23.96656
1.01720 24.93957
1.01726 26.39828
1.01759 29.87186
1.01766 30.97748
1.01772 31.92507
1.01782 33.08123
1.01797 34.84481
1.01800 35.31211
1.01802 35.58547
1.01810 36.45824
1.01814 36.89456
1.01815 37.05497
1.01821 38.01760
1.01828 39.13408
1.01832 39.88526
1.01848 42.73635
1.01862 45.28912
1.01864 45.27434
1.01868 45.24496
1.01878 45.16401
1.01887 47.01818
1.01889 47.25573
1.01896 47.11467
1.01900 47.29023
1.01910 48.80381
1.01912 49.07613
1.01914 49.30742
1.01920 49.25144
1.01921 49.16361
1.01925 48.90895
1.01930 48.54062
1.01942 47.65028
1.01944 47.60560
1.01945 47.71762
1.01951 48.38954
1.01955 48.06812
1.01962 47.50590
1.01964 47.34518
1.01965 47.21583
1.01968 46.82770
1.01969 46.76831
1.01975 46.42561
1.01979 46.19717
1.01985 45.67741
1.01990 45.22682
1.01995 45.19746
1.02000 45.16896
1.02005 45.02375
1.02006 44.99502
1.02010 44.86391
1.02013 44.56315
1.02015 44.16196
1.02043 38.54571
1.02045 38.40193
1.02058 37.46808
1.02060 37.32831
1.02065 34.20368
1.02072 33.78978
1.02076 33.08502
1.02086 31.61035
1.02096 32.93876
1.02097 32.82421
1.02100 32.32654
1.02102 31.88224
1.02122 27.38257
1.02131 25.86928
1.02141 24.08295
1.02150 23.57807
1.02151 23.52197
1.02154 23.36158
1.02168 21.27970
1.02174 21.93486
1.02181 21.60148
1.02182 21.52888
1.02185 21.31090
1.02190 20.85264
1.02207 19.29364
1.02208 19.20323
1.02223 17.22732
1.02230 16.21838
1.02232 15.93013
1.02246 15.38671
1.02267 14.57320
1.02270 14.61396
1.02274 14.66863
1.02274 14.67555
1.02275 14.68298
1.02300 13.18445
1.02325 11.71815
1.02327 11.59528
1.02397 9.96800
1.02532 7.27213
1.02535 7.22703
1.02752 4.32163
1.02770 4.40029
1.02774 4.36956
1.02780 4.32346
1.02796 4.21094
1.02800 4.20355
1.02812 4.07947
1.02823 3.96596
1.02833 3.77052
1.02841 3.75613
1.02858 3.75786
1.02909 3.57912
1.02920 3.54363
1.02995 3.32095
1.03358 2.24107
1.03370 2.19236
1.03372 2.18432
1.03384 2.13613
1.03386 2.13183
1.03391 2.12173
1.03400 2.12613
1.03406 2.12881
1.03750 1.77354
1.03916 1.60240
1.03930 1.58793
1.03959 1.55848
1.03960 1.55445
1.03964 1.53835
1.03980 1.54095
1.04000 1.54418
1.04003 1.54478
1.04400 1.40194
1.04960 1.20154
1.04970 1.19360
1.04981 1.18487
1.04986 1.19291
1.05000 1.20871
1.05086 1.20673
1.05300 1.20304
1.05800 1.15124
1.05952 1.00561
1.05966 0.99814
1.05995 1.01039
1.06000 1.01014
1.06100 1.00330
1.06250 0.99866
1.06700 1.01543
1.07000 0.98849
1.07500 0.98062
1.07700 0.98117
1.08000 0.89886
1.08300 0.91333
1.08700 0.93110
1.08750 0.92880
1.08800 0.92601
1.09000 0.92105
1.09600 0.98169
1.09700 1.00365
1.09800 0.99126
1.10000 0.83583
1.10300 0.87345
1.10700 0.93164
1.11000 0.86486
1.11250 0.86130
1.11700 0.88466
1.12000 0.81284
1.12300 0.82816
1.12500 0.83972
1.12700 0.85190
1.13000 0.84304
1.13700 0.84630
1.13750 0.84928
1.14000 0.85095
1.14200 0.85348
1.15000 0.86222
1.15200 0.88291
1.16000 0.85308
1.16250 0.84718
1.16300 0.84844
1.16700 0.85108
1.17000 0.83299
1.17500 0.87844
1.17700 0.89046
1.18000 0.85649
1.18300 0.88447
1.18700 0.91697
1.18750 0.90582
1.19000 0.84870
1.19700 0.92696
1.20000 0.87019
1.20200 0.90307
1.20400 0.90336
1.20500 0.90412
1.20700 0.92247
1.21000 0.93174
1.21140 0.92437
1.21250 0.91307
1.21700 0.89717
1.22000 0.92958
1.22400 0.93116
1.22500 0.93155
1.22600 0.92874
1.22700 0.92573
1.23000 0.95585
1.23700 0.97997
1.23750 0.98673
1.24000 0.97982
1.24600 1.00089
1.24700 1.00258
1.25000 0.98827
1.25100 0.99506
1.25700 1.03805
1.26000 1.00960
1.26250 1.04582
1.26700 1.08423
1.27000 1.06906
1.27500 1.06746
1.27700 1.06306
1.28000 1.08282
1.28500 1.09319
1.28600 1.09538
1.28700 1.09747
1.28750 1.09316
1.29000 1.08363
1.29600 1.13388
1.29700 1.14221
1.30000 1.13988
1.30500 1.16393
1.30700 1.17370
1.31000 1.16911
1.31250 1.21851
1.31700 1.23202
1.32000 1.18128
1.32500 1.19190
1.32600 1.19703
1.32700 1.20234
1.33000 1.19195
1.33700 1.25454
1.33750 1.25359
1.34000 1.27594
1.34500 1.28018
1.34700 1.28270
1.35000 1.28990
1.35400 1.32602
1.35700 1.35204
1.36000 1.32980
1.36250 1.34863
1.36400 1.35447
1.36500 1.35914
1.36700 1.37005
1.36800 1.38193
1.37000 1.40613
1.37500 1.41302
1.37700 1.41208
1.38000 1.41869
1.38700 1.45301
1.38750 1.45551
1.39000 1.46709
1.39500 1.48632
1.39700 1.48704
1.40000 1.55149
1.40900 1.58821
1.41250 1.60389
1.42000 1.62823
1.42500 1.64414
1.43750 1.70297
1.44000 1.71894
1.45000 1.78062
1.46250 1.85145
1.47500 1.91061
1.47900 1.92887
1.48000 1.93344
1.48750 1.97057
1.50000 2.02589
1.51250 2.09859
1.51900 2.13368
1.52000 2.13923
1.52500 2.16723
1.53750 2.21989
1.54000 2.23469
1.55000 2.29526
1.56000 2.30758
1.56250 2.30853
1.57500 2.26273
1.57900 2.26640
1.58000 2.26718
1.58750 2.27604
1.59000 2.27507
1.60000 2.29497
1.61000 2.36322
1.61250 2.37994
1.61900 2.39182
1.62000 2.39344
1.62500 2.40793
1.63000 2.44126
1.63300 2.46399
1.63750 2.49792
1.64000 2.50997
1.65000 2.53948
1.65900 2.58379
1.66000 2.58795
1.66250 2.59631
1.67000 2.59397
1.67500 2.58639
1.68000 2.58733
1.68750 2.59011
1.68900 2.59398
1.69000 2.59750
1.70000 2.64358
1.71000 2.66342
1.71250 2.64890
1.72000 2.60320
1.72500 2.57309
1.72900 2.54174
1.73000 2.53364
1.73750 2.54704
1.74000 2.55775
1.75000 2.61255
1.76000 2.56883
1.76250 2.55795
1.77000 2.53701
1.77500 2.51067
1.77900 2.48709
1.78000 2.48164
1.78750 2.42570
1.79000 2.40677
1.80000 2.31282
1.81000 2.26553
1.81250 2.26509
1.82000 2.25542
1.82500 2.23536
1.82900 2.20632
1.83000 2.19903
1.83750 2.12558
1.84000 2.10809
1.84100 2.22600
1.85000 2.04429
1.86000 2.04837
1.86250 2.05514
1.86900 2.05013
1.87000 2.04939
1.87500 2.03055
1.88000 1.99927
1.88750 1.95255
1.88900 1.96920
1.89000 1.98617
1.90000 2.02324
1.91000 2.02286
1.91250 2.01265
1.91300 2.01129
1.91900 1.99579
1.92000 1.99315
1.92500 1.98774
1.93000 1.97727
1.93700 2.14100
1.93750 2.00729
1.93800 2.00818
1.94000 2.01109
1.95000 2.08430
1.96000 2.07643
1.96200 2.07022
1.96250 2.06973
1.96900 2.06181
1.97000 2.06061
1.97500 2.07803
1.98000 2.12721
1.98750 2.16134
1.98800 2.16681
1.99000 2.18934
2.00000 2.18000
2.03730 2.23800
2.13570 2.27500
2.20000 2.38000
2.23920 2.20800
2.33950 2.19400
2.40000 2.38000
2.44410 2.17500
2.50000 2.39000
2.54260 2.22200
2.60000 2.38000
2.60000 2.64000
2.64480 2.22000
2.70000 2.30000
2.74460 2.26900
2.80000 2.17000
2.84970 2.22300
2.90000 2.22000
2.94890 2.23400
3.00000 2.21000
3.04810 2.27800
3.11990 2.23700
3.20000 2.21000
3.22300 2.17300
3.31470 2.20000
3.40000 2.38000
3.41820 2.16800
3.52080 2.20100
3.55000 2.23000
3.59800 2.46000
3.61820 2.20700
3.67000 2.50000
3.67000 2.19252
3.69200 2.40000
3.69200 2.07183
3.70000 2.23000
3.70400 2.29310
3.71000 2.35000
3.71600 2.09195
3.71940 2.21100
3.72800 2.68534
3.73000 2.10000
3.73000 2.48000
3.74000 2.94000
3.74000 2.67528
3.74600 2.61494
3.75000 2.47000
3.75000 3.34000
3.75200 3.51005
3.75800 3.78160
3.76000 2.77000
3.76200 3.92000
3.76400 3.29000
3.76400 4.06321
3.76600 4.40000
3.76800 3.80000
3.77000 3.55000
3.77000 4.34000
3.77000 4.15372
3.77100 3.48993
3.77200 3.12000
3.77200 3.83189
3.77400 4.59000
3.77600 3.26000
3.77600 3.33907
3.78000 3.28000
3.78000 4.23000
3.78200 2.65517
3.78600 3.40000
3.78800 2.47413
3.79000 2.62000
3.79000 3.27000
3.79400 2.40373
3.80000 3.12000
3.80000 2.65517
3.81000 2.38000
3.81000 2.85000
3.81200 2.14224
3.82100 2.77000
3.82400 2.50430
3.83000 2.68000
3.83600 2.21264
3.84800 2.32327
3.85000 2.47000
3.85000 2.72000
3.86000 2.33333
3.86500 3.21000
3.87000 2.93000
3.87200 2.43390
3.87800 2.49000
3.88400 2.65000
3.88600 3.39000
3.89000 2.55000
3.89000 2.64000
3.89600 2.58000
3.90200 2.78000
3.90800 2.61000
3.91400 3.23000
3.92000 2.92000
3.92600 2.71000
3.93000 3.18000
3.93200 3.07000
3.93800 2.63000
3.94000 2.94000
3.94400 3.35000
3.95000 2.97000
3.95000 3.11000
3.95600 2.80000
3.96000 2.79000
3.96200 2.97000
3.96800 3.15000
3.97000 3.29000
3.97400 3.40000
3.98000 3.13000
3.98000 3.45000
3.98600 3.75000
3.99000 3.06000
3.99200 3.43000
3.99800 3.42000
4.00000 3.16000
4.00400 3.38000
4.01000 3.53000
4.01000 3.95000
4.01600 3.84000
4.02000 4.43000
4.02200 4.72000
4.02700 4.58000
4.02800 4.68000
4.03000 4.58000
4.03300 4.32000
4.03400 4.82000
4.04000 4.40000
4.04000 4.54000
4.04600 4.61000
4.05000 4.23000
4.05200 4.43000
4.05800 4.29000
4.06000 4.65000
4.06400 4.01000
4.07000 4.04000
4.07000 4.14000
4.07600 4.06000
4.08000 4.24000
4.08200 3.92000
4.08800 4.07000
4.09000 4.06000
4.09400 4.03000
4.10000 3.97000
4.10000 4.14000
4.10500 4.03000
4.10900 4.06000
4.11000 3.92000
4.11300 4.19000
4.11800 4.06000
4.12000 4.11000
4.12100 4.20000
4.12500 4.21000
4.12900 4.14000
4.13000 3.99000
4.13300 4.08000
4.13600 4.02000
4.14000 3.83000
4.14100 4.09000
4.14700 4.24000
4.15000 4.21000
4.15300 4.28000
4.15900 4.11000
4.16000 4.12000
4.16500 4.00000
4.17000 4.12000
4.17100 4.14000
4.17700 4.06000
4.18000 4.18000
4.18200 4.38000
4.18500 4.14000
4.19000 3.87000
4.19000 4.01000
4.19500 3.91000
4.20000 3.87000
4.20100 3.73000
4.20800 3.71000
4.21000 3.20000
4.21200 3.69000
4.21400 3.55000
4.22000 3.31000
4.22000 3.62000
4.22600 2.95000
4.23000 3.21000
4.23200 3.02000
4.23800 3.06000
4.24000 3.24000
4.24400 3.02000
4.24500 2.97000
4.25000 2.71000
4.25000 3.11000
4.25500 2.88000
4.25600 3.02000
4.26000 2.97000
4.26200 3.09000
4.26500 3.04000
4.26800 2.91000
4.27000 3.26000
4.27400 2.92000
4.28000 3.07000
4.28000 3.08000
4.29200 2.98000
4.30000 3.11000
4.30400 3.34000
4.31600 3.23000
4.32000 2.96000
4.32800 3.32000
4.34000 3.27000
4.34000 3.43000
4.35000 3.49000
4.35200 3.44000
4.36000 3.47000
4.36400 3.65000
4.37600 3.75000
4.38000 3.50000
4.38200 3.86000
4.38800 3.82000
4.39000 3.48000
4.39400 3.99000
4.40000 3.91000
4.40000 4.00000
4.40600 3.79000
4.41000 3.79000
4.41200 3.94000
4.41800 4.03000
4.42000 3.68000
4.42400 4.02000
4.43000 4.02000
4.43000 4.09000
4.43600 4.05000
4.44000 3.85000
4.44200 3.89000
4.44800 3.92000
4.45000 3.75000
4.46000 3.66000
4.46000 3.85000
4.47200 3.84000
4.48000 3.54000
4.48400 3.61000
4.49600 3.72000
4.50000 3.49000
4.52000 3.25000
4.54000 3.23000
4.56000 3.62000
4.60000 3.31000
4.60000 3.58000
4.80000 3.66000
5.00000 3.42000
5.00000 3.47000
5.20000 3.44000
5.25000 3.57000
5.50000 3.41000
5.75000 3.44000
6.00000 3.44000
6.00000 3.50000
6.25000 3.31000
6.50000 3.37000
6.50000 3.62000
6.75000 3.42000
7.00000 3.35000
7.00000 3.71000
7.25000 3.57000
7.30000 3.57000
7.40000 3.86000
7.40000 3.35000
7.44000 3.37000
7.50000 3.89000
7.60000 3.57000
7.70000 3.94000
7.80000 3.59000
7.90000 3.66000
8.00000 3.67000
8.10000 3.73000
8.20000 3.64000
8.30000 3.40000
8.40000 3.63000
8.50000 3.54000
8.60000 3.66000
8.70000 3.44000
8.80000 3.53000
8.90000 3.71000
8.91000 3.42000
9.00000 3.67000
9.10000 3.63000
9.20000 3.57000
9.28000 3.31000
9.30000 3.60000
9.36000 3.46000
9.39000 3.49000
9.40000 3.41000
9.41500 3.57000
9.45000 3.80000
9.46000 3.47000
9.50000 3.63000
9.51000 3.73000
9.60000 3.55000
9.70000 3.52000
9.80000 3.58000
9.90000 3.49000
10.00000 3.68000
10.04000 3.60000
10.10000 3.56000
10.20000 3.49000
10.29500 3.48000
10.43000 3.54000
10.49000 3.77000
10.52000 3.56000
11.09000 3.85000
12.00000 3.45000
12.00000 3.47000
12.00000 3.80000
12.00000 4.00000
13.00000 5.40000
14.00000 4.10000
14.00000 4.14000
14.03000 3.71000
14.03000 4.12000
14.04000 3.94000
17.00000 3.10000
21.99000 3.55000
21.99000 3.86000
22.00000 3.20000
22.00000 3.86000
22.00000 3.89000
22.00000 4.11000
25.00000 3.71000
25.00000 4.02000
25.01000 4.23000
27.50000 3.90000
27.55000 3.90000
27.66000 3.84000
29.00000 3.92000
29.00000 3.96000
29.93000 3.54000
30.10000 3.93000
30.38000 3.84000
30.40000 4.00000
30.61000 4.14000
31.10000 3.65000
31.25000 3.70000
31.29000 3.82000
31.57000 4.00000
33.20000 4.08000
33.79000 3.85000
33.80000 3.73000
33.89000 4.15000
34.00000 4.11000
34.50000 3.92000
34.61000 3.77000
34.70000 4.07000
34.85000 3.75000
35.00000 4.15000
35.01000 3.92000
35.10000 3.93000
35.45000 3.92000
36.10000 3.92000
36.31000 3.87000
36.38000 3.70000
37.40000 3.58000
38.30000 3.88000
38.38000 4.02000
40.32000 4.04000
40.34000 3.86000
41.18000 4.19000
41.40000 4.04000
41.45000 4.08000
41.50000 4.01000
41.50000 4.42000
42.50000 3.87000
42.55000 4.18000
43.46000 3.73000
43.50000 3.95000
43.53000 3.98000
43.70000 4.11000
44.20000 4.22000
44.20000 3.99000
44.23000 4.13000
44.41000 3.96000
45.48000 4.15000
45.59000 4.38000
46.00000 4.07000
46.47000 4.02000
46.47000 4.40000
46.60000 4.18000
50.00000 4.37000
50.00000 4.49000
50.00000 4.57000
52.00000 4.28000
52.00000 4.56000
52.00000 4.66000
54.00000 4.72000
54.00000 5.00000
55.00000 4.63000
55.00000 4.65000
56.00000 5.08000
56.00000 5.20000
56.50000 5.12000
56.50000 5.32000
57.00000 4.90000
57.00000 5.16000
57.37000 4.38000
57.77000 4.89000
57.97000 4.78000
58.22000 4.67000
58.29000 5.34000
58.47000 4.24000
58.50000 5.31000
58.72000 4.75000
58.97000 5.52000
59.00000 5.42000
59.05000 6.60000
59.06000 5.74000
59.22000 5.02000
59.47000 5.38000
59.84000 4.66000
60.00000 5.31000
60.00000 5.83000
60.80000 5.57000
60.80000 5.66000
61.40000 5.44000
61.40000 5.86000
63.60000 6.10000
64.00000 5.80000
88.22300 481.73600
88.22300 495.71500
88.22400 497.89600
88.23100 479.78800
88.27800 543.49400
88.46400 560.75900
88.46400 595.60300
88.48000 568.84000
88.48100 583.04100
89.21700 952.90400
89.22200 961.05400
89.22600 955.61300
89.23600 966.31100
89.28300 1100.60000
89.45500 1146.13000
89.45500 1148.42000
89.47000 1165.30000
89.47200 1163.15000
90.20800 2118.07000
90.21200 2162.19000
90.21700 2135.18000
90.21700 2205.20000
90.22600 2223.58000
90.22700 2173.78000
90.22800 2160.79000
90.23800 2217.19000
90.24000 2235.15000
90.28400 2324.57000
91.03400 3517.02000
91.20700 3540.10000
91.20800 3483.05000
91.21500 3522.12000
91.21700 3530.68000
91.22200 3504.57000
91.22300 3488.01000
91.22300 3521.54000
91.23000 3514.35000
91.23800 3533.22000
91.23900 3455.58000
91.25400 3506.32000
91.25400 3507.51000
91.28000 3494.95000
91.28900 3539.51000
91.29400 3490.49000
91.52900 3243.08000
91.95200 2609.17000
91.95300 2554.03000
91.96700 2532.80000
91.96900 2536.96000
92.20700 2140.88000
92.20900 2114.61000
92.21500 2077.76000
92.22600 2150.43000
92.28200 2052.25000
92.56200 1522.97000
92.95200 1237.94000
92.95300 1197.88000
92.96600 1222.09000
92.96800 1193.67000
93.20800 1019.13000
93.20900 1010.82000
93.22000 996.79000
93.22800 999.44100
93.28600 940.59200
93.70100 760.80100
93.70200 750.98700
93.71600 751.54900
93.71700 740.27200
94.20200 540.99700
94.20200 552.75000
94.21900 543.83300
94.22300 555.94500
94.27700 519.56700
95.03600 399.90000
130.00000 14.39440
130.12000 13.65550
130.20000 12.28570
130.20000 14.08740
136.08000 12.68450
136.10000 12.66960
136.20000 11.20450
136.20000 12.40500
161.30000 10.22310
161.30000 11.20980
161.30000 8.20598
172.10000 8.26982
172.10000 9.49158
172.30000 8.85453
182.69000 8.38606
182.70000 7.68265
182.70000 8.74079
188.63000 8.34481
188.70000 8.57479
