1571 5558 716
1154 7619 333
1436 4588 255
1427 9417 091
1063 5153 670
1000 3401 757
1856 3665 544
1690 7754 442
1190 1117 241
1555 6081 228
1471 3381 159
1340 7463 734
1735 7335 675
1069 6739 425
1339 8365 547
1522 4994 581
1692 3477 758
1433 3306 314
1720 0582 226
1019 9280 597
1464 2155 436
1882 3192 348
1899 5478 888
1480 2299 050
1524 4400 459
1608 4231 660
1988 2919 365
1343 2521 644
1148 8962 817
1231 7542 507
1369 4384 586
1827 7819 601
1822 7018 014
1836 1092 921
1457 6867 382
1125 3159 549
1305 5884 541
1805 1804 328
1031 3044 192
1095 9409 204
1623 3289 807
1660 9373 313
1731 4158 562
1488 1005 240
1175 5132 111
1544 4657 955
1734 4075 907
1432 4960 342
1926 2189 392
1418 3548 807
1728 6623 144
1770 3303 390
1986 7420 993
1671 8333 941
1392 2670 934
1100 1624 275
1233 3167 230
1272 4632 720
1018 7684 162
1797 4326 891
1216 9839 093
1553 5001 810
1728 2951 122
1427 6354 486
1622 5713 068
1857 9463 523
1212 3175 744
1523 3118 323
1774 8848 905
1255 1507 547
1655 2688 394
1440 0892 382
1599 8634 883
1360 0104 628
1088 3837 572
1635 5030 374
1684 0134 817
1982 9033 037
1838 8095 761
1372 6998 918
1566 1546 902
1950 0708 632
1484 9598 567
1648 9054 367
1841 1897 950
1333 8968 086
1384 2007 163
1177 2546 967
1359 6930 724
1669 5881 921
1486 5649 331
1281 5881 339
1476 5408 941
1258 1538 080
1415 2318 175
1241 2828 110
1790 9813 573
1410 5064 515
1026 5955 787
1942 2864 576
1781 1882 434
1283 9586 846
1303 6777 680
1040 5219 062
1393 9146 496
1038 1738 650
1827 9620 068
1732 0684 264
1590 4378 726
1935 3459 013
1711 9716 661
1168 0166 374
1562 5583 270
1746 8980 057
1779 6037 790
1959 6077 451
1027 3218 706
1643 3479 001
1007 4061 432
1041 6143 461
1122 7150 481
1556 4079 839
1317 1762 126
1529 9399 813
1385 5790 017
1405 8215 685
1678 2439 551
1468 7952 896
1610 0114 318
1979 2145 133
1738 2535 818
1329 7269 951
1750 5103 349
1702 9870 235
1115 6553 618
1445 2053 037
1729 9561 918
1113 8131 821
1046 1811 762
1380 9128 481
1868 3855 428
1912 7512 751
1626 3646 877
1725 7669 830
1336 4408 436
1065 4569 010
1573 6359 663
1611 4441 783
1165 8409 543
1434 0484 700
1563 4478 177
1775 6454 677
1982 1064 733
1518 8359 370
1708 2120 766
1414 9584 279
1377 5105 513
1329 2412 751
1475 2589 838
1329 2412 751
1579 0761 709
1419 3182 967
1207 9505 602
1118 1749 814
1255 1071 514
1628 4539 277
1289 7636 367
1181 8412 495
1904 1545 234
1938 2563 120
1891 6613 120
1428 2053 953
1062 8280 011
1068 8877 385
1949 2112 928
1580 3980 054
1697 2877 992
1437 0488 345
1605 1574 003
1513 3576 669
1551 3026 637
1741 4599 022
1809 5567 080
1230 5396 188
1124 3490 905
1566 9289 467
1130 2770 222
1280 9033 853
1966 2181 784
1127 3316 976
1686 2644 211
1528 0278 491
1046 8987 350
1297 6019 764
1157 1142 485
1820 7725 813
1900 8943 353
1296 2312 771
1241 6653 962
1135 2558 807
1596 8872 068
1503 4902 092
1433 4534 627
1141 0571 888
1129 3674 833
1933 9259 606
1329 5655 365
1548 7448 609
1379 5011 966
1667 4566 570
1940 1319 981
1351 4078 604
1428 8179 294
1004 7430 929
1877 5929 408
1437 3634 237
1346 8046 301
1424 0976 394
1459 3593 211
1127 2746 994
1180 4800 379
1629 2822 522
1423 2907 943
1967 4259 738
1096 8621 175
1372 3979 574
1780 0886 196
1948 8718 207
1203 7183 763
1587 1785 948
1988 0841 687
1524 2945 893
