   1 4.510112e+07
   2 4.510591e+07
   3 4.510121e+07
   4 4.509285e+07
   5 4.511045e+07
   6 4.511184e+07
   7 4.511437e+07
   8 4.510863e+07
   9 4.511305e+07
   10 4.511391e+07
   11 4.510751e+07
   12 4.510803e+07
   13 4.510633e+07
   14 4.511234e+07
   15 4.511275e+07
   16 4.509525e+07
   17 4.509646e+07
   18 4.50798e+07
   19 4.510934e+07
   20 4.509072e+07
   21 4.510884e+07
   22 4.510086e+07
   23 4.509884e+07
   24 4.510341e+07
   25 4.50944e+07
   26 4.509694e+07
   27 4.509056e+07
   28 4.50978e+07
   29 4.511306e+07
   30 4.511938e+07
   31 4.510467e+07
   32 4.511096e+07
   33 4.510185e+07
   34 4.511309e+07
   35 4.511126e+07
   36 4.510734e+07
   37 4.509763e+07
   38 4.509006e+07
   39 4.510464e+07
   40 4.511241e+07
   41 4.510391e+07
   42 4.510207e+07
   43 4.509475e+07
   44 4.50958e+07
   45 4.510583e+07
   46 4.510223e+07
   47 4.511273e+07
   48 4.510456e+07
   49 4.510478e+07
   50 4.509666e+07
   51 4.510483e+07
   52 4.511082e+07
   53 4.509751e+07
   54 4.510278e+07
   55 4.509164e+07
   56 4.509846e+07
   57 4.509592e+07
   58 4.510245e+07
   59 4.510214e+07
   60 4.509696e+07
   61 4.511688e+07
   62 4.510571e+07
   63 4.510476e+07
   64 4.508569e+07
   65 4.510651e+07
   66 4.510162e+07
   67 4.510401e+07
   68 4.509446e+07
   69 4.509982e+07
   70 4.509872e+07
   71 4.511051e+07
   72 4.509755e+07
   73 4.510446e+07
   74 4.510657e+07
   75 4.510966e+07
   76 4.510493e+07
   77 4.511086e+07
   78 4.511034e+07
   79 4.509889e+07
   80 4.509442e+07
   81 4.510592e+07
   82 4.510338e+07
   83 4.510175e+07
   84 4.511154e+07
   85 4.509592e+07
   86 4.510305e+07
   87 4.510072e+07
   88 4.510192e+07
   89 4.5093e+07
   90 4.510535e+07
   91 4.510224e+07
   92 4.510654e+07
   93 4.510652e+07
   94 4.510285e+07
   95 4.509525e+07
   96 4.510728e+07
   97 4.510472e+07
   98 4.509713e+07
   99 4.51086e+07
   100 4.511104e+07
   101 4.510344e+07
   102 4.509387e+07
   103 4.509982e+07
   104 4.509263e+07
   105 4.5092e+07
   106 4.509931e+07
   107 4.50875e+07
   108 4.509709e+07
   109 4.509825e+07
   110 4.509799e+07
   111 4.509553e+07
   112 4.50958e+07
   113 4.51057e+07
   114 4.509779e+07
   115 4.509583e+07
   116 4.509831e+07
   117 4.510106e+07
   118 4.509443e+07
   119 4.510432e+07
   120 4.509609e+07
   121 4.50971e+07
   122 4.510153e+07
   123 4.510458e+07
   124 4.509618e+07
   125 4.510462e+07
   126 4.509332e+07
   127 4.510418e+07
   128 4.510561e+07
   129 4.510343e+07
   130 4.509772e+07
   131 4.509921e+07
   132 4.509608e+07
   133 4.509552e+07
   134 4.51017e+07
   135 4.509832e+07
   136 4.508913e+07
   137 4.510392e+07
   138 4.509575e+07
   139 4.510637e+07
   140 4.508794e+07
   141 4.510362e+07
   142 4.50926e+07
   143 4.509872e+07
   144 4.50979e+07
   145 4.510031e+07
   146 4.510546e+07
   147 4.509292e+07
   148 4.511072e+07
   149 4.508945e+07
   150 4.508763e+07
   151 4.510226e+07
   152 4.510454e+07
   153 4.510432e+07
   154 4.509441e+07
   155 4.510287e+07
   156 4.510492e+07
   157 4.510538e+07
   158 4.510471e+07
   159 4.509571e+07
   160 4.509412e+07
   161 4.510059e+07
   162 4.510976e+07
   163 4.509704e+07
   164 4.509745e+07
   165 4.50926e+07
   166 4.510278e+07
   167 4.510301e+07
   168 4.509878e+07
   169 4.508324e+07
   170 4.509222e+07
   171 4.509463e+07
   172 4.510404e+07
   173 4.509543e+07
   174 4.509615e+07
   175 4.510275e+07
   176 4.509216e+07
   177 4.510318e+07
   178 4.51025e+07
   179 4.508433e+07
   180 4.50965e+07
   181 4.509332e+07
   182 4.510781e+07
   183 4.509767e+07
   184 4.50969e+07
   185 4.509565e+07
   186 4.50855e+07
   187 4.508301e+07
   188 4.508951e+07
   189 4.51008e+07
   190 4.509649e+07
   191 4.510313e+07
   192 4.509171e+07
   193 4.509118e+07
   194 4.510534e+07
   195 4.508933e+07
   196 4.508116e+07
   197 4.509662e+07
   198 4.507885e+07
   199 4.509387e+07
   200 4.508871e+07
   201 4.50928e+07
   202 4.510017e+07
   203 4.510124e+07
   204 4.509429e+07
   205 4.508989e+07
   206 4.509271e+07
   207 4.509492e+07
   208 4.508683e+07
   209 4.508094e+07
   210 4.509646e+07
   211 4.509878e+07
   212 4.508292e+07
   213 4.508288e+07
   214 4.50849e+07
   215 4.508341e+07
   216 4.507416e+07
   217 4.509294e+07
   218 4.507967e+07
   219 4.508696e+07
   220 4.50807e+07
   221 4.507031e+07
   222 4.509095e+07
   223 4.508636e+07
   224 4.508116e+07
   225 4.508345e+07
   226 4.507775e+07
   227 4.507178e+07
   228 4.507861e+07
   229 4.50798e+07
   230 4.507444e+07
   231 4.508492e+07
   232 4.508094e+07
   233 4.506778e+07
   234 4.506682e+07
   235 4.5072e+07
   236 4.505385e+07
   237 4.506685e+07
   238 4.505875e+07
   239 4.505692e+07
   240 4.506254e+07
   241 4.505112e+07
   242 4.505565e+07
   243 4.505629e+07
   244 4.505481e+07
   245 4.503523e+07
   246 4.503122e+07
   247 4.503112e+07
   248 4.503853e+07
   249 4.503457e+07
   250 4.503671e+07
   251 4.502118e+07
   252 4.50192e+07
   253 4.502466e+07
   254 4.501476e+07
   255 4.501855e+07
   256 4.500245e+07
   257 4.501545e+07
   258 4.500668e+07
   259 4.502177e+07
   260 4.501501e+07
   261 4.501707e+07
   262 4.502513e+07
   263 4.501943e+07
   264 4.501582e+07
   265 4.502631e+07
   266 4.503695e+07
   267 4.502633e+07
   268 4.502367e+07
   269 4.503684e+07
   270 4.503198e+07
   271 4.504863e+07
   272 4.504394e+07
   273 4.50435e+07
   274 4.50405e+07
   275 4.504495e+07
   276 4.50448e+07
   277 4.506055e+07
   278 4.506465e+07
   279 4.507063e+07
   280 4.506628e+07
   281 4.506756e+07
   282 4.505203e+07
   283 4.506628e+07
   284 4.506222e+07
   285 4.506452e+07
   286 4.507873e+07
   287 4.506854e+07
   288 4.507142e+07
   289 4.505653e+07
   290 4.506037e+07
   291 4.50724e+07
   292 4.50785e+07
   293 4.508604e+07
   294 4.508272e+07
   295 4.507736e+07
   296 4.507822e+07
   297 4.507563e+07
   298 4.50868e+07
   299 4.508294e+07
   300 4.508824e+07
   301 4.50784e+07
   302 4.507648e+07
   303 4.507548e+07
   304 4.507533e+07
   305 4.50696e+07
   306 4.506205e+07
   307 4.508903e+07
   308 4.508723e+07
   309 4.507247e+07
   310 4.507105e+07
   311 4.508235e+07
   312 4.507794e+07
   313 4.506653e+07
   314 4.507984e+07
   315 4.508554e+07
   316 4.508433e+07
   317 4.507541e+07
   318 4.508014e+07
   319 4.506396e+07
   320 4.508166e+07
   321 4.507603e+07
   322 4.507198e+07
   323 4.507444e+07
   324 4.507906e+07
   325 4.508341e+07
   326 4.506307e+07
   327 4.507696e+07
   328 4.507135e+07
   329 4.50724e+07
   330 4.507514e+07
   331 4.507317e+07
   332 4.50768e+07
   333 4.508062e+07
   334 4.507649e+07
   335 4.508509e+07
   336 4.507693e+07
   337 4.507953e+07
   338 4.508525e+07
   339 4.509182e+07
   340 4.508647e+07
   341 4.510014e+07
   342 4.509004e+07
   343 4.507963e+07
   344 4.508684e+07
   345 4.508442e+07
   346 4.508499e+07
   347 4.509271e+07
   348 4.509142e+07
   349 4.507865e+07
   350 4.508271e+07
   351 4.50978e+07
   352 4.510042e+07
   353 4.509978e+07
   354 4.508629e+07
   355 4.508854e+07
   356 4.508073e+07
   357 4.509543e+07
   358 4.510555e+07
   359 4.509107e+07
   360 4.509191e+07
   361 4.509108e+07
   362 4.509493e+07
   363 4.509831e+07
   364 4.508523e+07
   365 4.507819e+07
   366 4.509373e+07
   367 4.510567e+07
   368 4.509788e+07
   369 4.508128e+07
   370 4.50811e+07
   371 4.510532e+07
   372 4.508758e+07
   373 4.509621e+07
   374 4.509362e+07
   375 4.509861e+07
   376 4.509693e+07
   377 4.510082e+07
   378 4.510372e+07
   379 4.509584e+07
   380 4.508604e+07
   381 4.51095e+07
   382 4.510743e+07
   383 4.510308e+07
   384 4.510688e+07
   385 4.510098e+07
   386 4.51085e+07
   387 4.509888e+07
   388 4.508614e+07
   389 4.509719e+07
   390 4.509486e+07
   391 4.509598e+07
   392 4.509735e+07
   393 4.510661e+07
   394 4.510286e+07
   395 4.509243e+07
   396 4.509879e+07
   397 4.511105e+07
   398 4.51014e+07
   399 4.508835e+07
   400 4.509521e+07
   401 4.508864e+07
   402 4.509632e+07
   403 4.510177e+07
   404 4.508996e+07
   405 4.511306e+07
   406 4.509598e+07
   407 4.510214e+07
   408 4.50953e+07
   409 4.510343e+07
   410 4.510171e+07
   411 4.510435e+07
   412 4.509709e+07
   413 4.510564e+07
   414 4.510843e+07
   415 4.510254e+07
   416 4.511251e+07
   417 4.50914e+07
   418 4.509544e+07
   419 4.50955e+07
   420 4.50969e+07
   421 4.509864e+07
   422 4.509943e+07
   423 4.509858e+07
   424 4.509919e+07
   425 4.510358e+07
   426 4.509353e+07
   427 4.509782e+07
   428 4.509662e+07
   429 4.509472e+07
   430 4.50878e+07
   431 4.510183e+07
   432 4.50904e+07
   433 4.51011e+07
   434 4.509659e+07
   435 4.510206e+07
   436 4.510142e+07
   437 4.508988e+07
   438 4.510594e+07
   439 4.510605e+07
   440 4.510281e+07
   441 4.508959e+07
   442 4.509978e+07
   443 4.509496e+07
   444 4.510766e+07
   445 4.510199e+07
   446 4.50961e+07
   447 4.510047e+07
   448 4.509557e+07
   449 4.511082e+07
   450 4.510247e+07
   451 4.509904e+07
   452 4.511201e+07
   453 4.509707e+07
   454 4.511003e+07
   455 4.509872e+07
   456 4.509809e+07
   457 4.509724e+07
   458 4.509258e+07
   459 4.509864e+07
   460 4.510646e+07
   461 4.509395e+07
   462 4.508986e+07
   463 4.509484e+07
   464 4.509664e+07
   465 4.510776e+07
   466 4.510982e+07
   467 4.509741e+07
   468 4.511434e+07
   469 4.510687e+07
   470 4.509852e+07
   471 4.511262e+07
   472 4.510565e+07
   473 4.511514e+07
   474 4.510165e+07
   475 4.509364e+07
   476 4.510634e+07
   477 4.510906e+07
   478 4.510873e+07
   479 4.509261e+07
   480 4.511065e+07
   481 4.509714e+07
   482 4.509663e+07
   483 4.509764e+07
   484 4.510282e+07
   485 4.511366e+07
   486 4.511084e+07
   487 4.511776e+07
   488 4.510356e+07
   489 4.510121e+07
   490 4.50938e+07
   491 4.510806e+07
   492 4.510065e+07
   493 4.509626e+07
   494 4.509536e+07
   495 4.509896e+07
   496 4.509767e+07
   497 4.509761e+07
   498 4.509469e+07
   499 4.509965e+07
   500 4.50983e+07
   501 4.510251e+07
   502 4.510514e+07
   503 4.509622e+07
   504 4.510065e+07
   505 4.509969e+07
   506 4.509791e+07
   507 4.508819e+07
   508 4.510266e+07
   509 4.509735e+07
   510 4.510257e+07
   511 4.510603e+07
   512 4.509829e+07
   513 4.512123e+07
   514 4.508927e+07
   515 4.508929e+07
   516 4.510978e+07
