4.510112e+07
4.510591e+07
4.510121e+07
4.509285e+07
4.511045e+07
4.511184e+07
4.511437e+07
4.510863e+07
4.511305e+07
4.511391e+07
4.510751e+07
4.510803e+07
4.510633e+07
4.511234e+07
4.511275e+07
4.509525e+07
4.509646e+07
4.50798e+07
4.510934e+07
4.509072e+07
4.510884e+07
4.510086e+07
4.509884e+07
4.510341e+07
4.50944e+07
4.509694e+07
4.509056e+07
4.50978e+07
4.511306e+07
4.511938e+07
4.510467e+07
4.511096e+07
4.510185e+07
4.511309e+07
4.511126e+07
4.510734e+07
4.509763e+07
4.509006e+07
4.510464e+07
4.511241e+07
4.510391e+07
4.510207e+07
4.509475e+07
4.50958e+07
4.510583e+07
4.510223e+07
4.511273e+07
4.510456e+07
4.510478e+07
4.509666e+07
4.510483e+07
4.511082e+07
4.509751e+07
4.510278e+07
4.509164e+07
4.509846e+07
4.509592e+07
4.510245e+07
4.510214e+07
4.509696e+07
4.511688e+07
4.510571e+07
4.510476e+07
4.508569e+07
4.510651e+07
4.510162e+07
4.510401e+07
4.509446e+07
4.509982e+07
4.509872e+07
4.511051e+07
4.509755e+07
4.510446e+07
4.510657e+07
4.510966e+07
4.510493e+07
4.511086e+07
4.511034e+07
4.509889e+07
4.509442e+07
4.510592e+07
4.510338e+07
4.510175e+07
4.511154e+07
4.509592e+07
4.510305e+07
4.510072e+07
4.510192e+07
4.5093e+07
4.510535e+07
4.510224e+07
4.510654e+07
4.510652e+07
4.510285e+07
4.509525e+07
4.510728e+07
4.510472e+07
4.509713e+07
4.51086e+07
4.511104e+07
4.510344e+07
4.509387e+07
4.509982e+07
4.509263e+07
4.5092e+07
4.509931e+07
4.50875e+07
4.509709e+07
4.509825e+07
4.509799e+07
4.509553e+07
4.50958e+07
4.51057e+07
4.509779e+07
4.509583e+07
4.509831e+07
4.510106e+07
4.509443e+07
4.510432e+07
4.509609e+07
4.50971e+07
4.510153e+07
4.510458e+07
4.509618e+07
4.510462e+07
4.509332e+07
4.510418e+07
4.510561e+07
4.510343e+07
4.509772e+07
4.509921e+07
4.509608e+07
4.509552e+07
4.51017e+07
4.509832e+07
4.508913e+07
4.510392e+07
4.509575e+07
4.510637e+07
4.508794e+07
4.510362e+07
4.50926e+07
4.509872e+07
4.50979e+07
4.510031e+07
4.510546e+07
4.509292e+07
4.511072e+07
4.508945e+07
4.508763e+07
4.510226e+07
4.510454e+07
4.510432e+07
4.509441e+07
4.510287e+07
4.510492e+07
4.510538e+07
4.510471e+07
4.509571e+07
4.509412e+07
4.510059e+07
4.510976e+07
4.509704e+07
4.509745e+07
4.50926e+07
4.510278e+07
4.510301e+07
4.509878e+07
4.508324e+07
4.509222e+07
4.509463e+07
4.510404e+07
4.509543e+07
4.509615e+07
4.510275e+07
4.509216e+07
4.510318e+07
4.51025e+07
4.508433e+07
4.50965e+07
4.509332e+07
4.510781e+07
4.509767e+07
4.50969e+07
4.509565e+07
4.50855e+07
4.508301e+07
4.508951e+07
4.51008e+07
4.509649e+07
4.510313e+07
4.509171e+07
4.509118e+07
4.510534e+07
4.508933e+07
4.508116e+07
4.509662e+07
4.507885e+07
4.509387e+07
4.508871e+07
4.50928e+07
4.510017e+07
4.510124e+07
4.509429e+07
4.508989e+07
4.509271e+07
4.509492e+07
4.508683e+07
4.508094e+07
4.509646e+07
4.509878e+07
4.508292e+07
4.508288e+07
4.50849e+07
4.508341e+07
4.507416e+07
4.509294e+07
4.507967e+07
4.508696e+07
4.50807e+07
4.507031e+07
4.509095e+07
4.508636e+07
4.508116e+07
4.508345e+07
4.507775e+07
4.507178e+07
4.507861e+07
4.50798e+07
4.507444e+07
4.508492e+07
4.508094e+07
4.506778e+07
4.506682e+07
4.5072e+07
4.505385e+07
4.506685e+07
4.505875e+07
4.505692e+07
4.506254e+07
4.505112e+07
4.505565e+07
4.505629e+07
4.505481e+07
4.503523e+07
4.503122e+07
4.503112e+07
4.503853e+07
4.503457e+07
4.503671e+07
4.502118e+07
4.50192e+07
4.502466e+07
4.501476e+07
4.501855e+07
4.500245e+07
4.501545e+07
4.500668e+07
4.502177e+07
4.501501e+07
4.501707e+07
4.502513e+07
4.501943e+07
4.501582e+07
4.502631e+07
4.503695e+07
4.502633e+07
4.502367e+07
4.503684e+07
4.503198e+07
4.504863e+07
4.504394e+07
4.50435e+07
4.50405e+07
4.504495e+07
4.50448e+07
4.506055e+07
4.506465e+07
4.507063e+07
4.506628e+07
4.506756e+07
4.505203e+07
4.506628e+07
4.506222e+07
4.506452e+07
4.507873e+07
4.506854e+07
4.507142e+07
4.505653e+07
4.506037e+07
4.50724e+07
4.50785e+07
4.508604e+07
4.508272e+07
4.507736e+07
4.507822e+07
4.507563e+07
4.50868e+07
4.508294e+07
4.508824e+07
4.50784e+07
4.507648e+07
4.507548e+07
4.507533e+07
4.50696e+07
4.506205e+07
4.508903e+07
4.508723e+07
4.507247e+07
4.507105e+07
4.508235e+07
4.507794e+07
4.506653e+07
4.507984e+07
4.508554e+07
4.508433e+07
4.507541e+07
4.508014e+07
4.506396e+07
4.508166e+07
4.507603e+07
4.507198e+07
4.507444e+07
4.507906e+07
4.508341e+07
4.506307e+07
4.507696e+07
4.507135e+07
4.50724e+07
4.507514e+07
4.507317e+07
4.50768e+07
4.508062e+07
4.507649e+07
4.508509e+07
4.507693e+07
4.507953e+07
4.508525e+07
4.509182e+07
4.508647e+07
4.510014e+07
4.509004e+07
4.507963e+07
4.508684e+07
4.508442e+07
4.508499e+07
4.509271e+07
4.509142e+07
4.507865e+07
4.508271e+07
4.50978e+07
4.510042e+07
4.509978e+07
4.508629e+07
4.508854e+07
4.508073e+07
4.509543e+07
4.510555e+07
4.509107e+07
4.509191e+07
4.509108e+07
4.509493e+07
4.509831e+07
4.508523e+07
4.507819e+07
4.509373e+07
4.510567e+07
4.509788e+07
4.508128e+07
4.50811e+07
4.510532e+07
4.508758e+07
4.509621e+07
4.509362e+07
4.509861e+07
4.509693e+07
4.510082e+07
4.510372e+07
4.509584e+07
4.508604e+07
4.51095e+07
4.510743e+07
4.510308e+07
4.510688e+07
4.510098e+07
4.51085e+07
4.509888e+07
4.508614e+07
4.509719e+07
4.509486e+07
4.509598e+07
4.509735e+07
4.510661e+07
4.510286e+07
4.509243e+07
4.509879e+07
4.511105e+07
4.51014e+07
4.508835e+07
4.509521e+07
4.508864e+07
4.509632e+07
4.510177e+07
4.508996e+07
4.511306e+07
4.509598e+07
4.510214e+07
4.50953e+07
4.510343e+07
4.510171e+07
4.510435e+07
4.509709e+07
4.510564e+07
4.510843e+07
4.510254e+07
4.511251e+07
4.50914e+07
4.509544e+07
4.50955e+07
4.50969e+07
4.509864e+07
4.509943e+07
4.509858e+07
4.509919e+07
4.510358e+07
4.509353e+07
4.509782e+07
4.509662e+07
4.509472e+07
4.50878e+07
4.510183e+07
4.50904e+07
4.51011e+07
4.509659e+07
4.510206e+07
4.510142e+07
4.508988e+07
4.510594e+07
4.510605e+07
4.510281e+07
4.508959e+07
4.509978e+07
4.509496e+07
4.510766e+07
4.510199e+07
4.50961e+07
4.510047e+07
4.509557e+07
4.511082e+07
4.510247e+07
4.509904e+07
4.511201e+07
4.509707e+07
4.511003e+07
4.509872e+07
4.509809e+07
4.509724e+07
4.509258e+07
4.509864e+07
4.510646e+07
4.509395e+07
4.508986e+07
4.509484e+07
4.509664e+07
4.510776e+07
4.510982e+07
4.509741e+07
4.511434e+07
4.510687e+07
4.509852e+07
4.511262e+07
4.510565e+07
4.511514e+07
4.510165e+07
4.509364e+07
4.510634e+07
4.510906e+07
4.510873e+07
4.509261e+07
4.511065e+07
4.509714e+07
4.509663e+07
4.509764e+07
4.510282e+07
4.511366e+07
4.511084e+07
4.511776e+07
4.510356e+07
4.510121e+07
4.50938e+07
4.510806e+07
4.510065e+07
4.509626e+07
4.509536e+07
4.509896e+07
4.509767e+07
4.509761e+07
4.509469e+07
4.509965e+07
4.50983e+07
4.510251e+07
4.510514e+07
4.509622e+07
4.510065e+07
4.509969e+07
4.509791e+07
4.508819e+07
4.510266e+07
4.509735e+07
4.510257e+07
4.510603e+07
4.509829e+07
4.512123e+07
4.508927e+07
4.508929e+07
4.510978e+07
