4.254708e+07
4.254935e+07
4.25479e+07
4.253645e+07
4.255476e+07
4.255627e+07
4.255777e+07
4.255226e+07
4.255745e+07
4.255756e+07
4.255144e+07
4.255069e+07
4.254984e+07
4.255396e+07
4.255313e+07
4.254035e+07
4.254046e+07
4.252462e+07
4.255359e+07
4.253458e+07
4.255096e+07
4.254345e+07
4.254092e+07
4.254828e+07
4.254099e+07
4.254182e+07
4.253578e+07
4.254263e+07
4.2555e+07
4.256371e+07
4.25475e+07
4.255558e+07
4.254434e+07
4.255577e+07
4.255188e+07
4.254829e+07
4.253932e+07
4.25335e+07
4.254774e+07
4.255498e+07
4.254752e+07
4.254436e+07
4.253953e+07
4.253956e+07
4.254902e+07
4.254471e+07
4.25554e+07
4.255125e+07
4.254529e+07
4.253797e+07
4.255049e+07
4.255118e+07
4.25396e+07
4.254657e+07
4.253869e+07
4.253985e+07
4.254134e+07
4.254742e+07
4.25423e+07
4.253995e+07
4.25589e+07
4.254753e+07
4.254838e+07
4.253042e+07
4.255086e+07
4.254572e+07
4.254628e+07
4.25349e+07
4.254333e+07
4.254248e+07
4.255659e+07
4.254101e+07
4.254724e+07
4.254775e+07
4.255401e+07
4.254742e+07
4.255425e+07
4.255431e+07
4.254428e+07
4.25387e+07
4.254942e+07
4.254676e+07
4.254478e+07
4.25568e+07
4.253831e+07
4.254303e+07
4.254604e+07
4.254271e+07
4.253897e+07
4.254772e+07
4.254797e+07
4.254832e+07
4.254925e+07
4.254408e+07
4.253818e+07
4.255211e+07
4.254793e+07
4.254087e+07
4.255213e+07
4.255412e+07
4.254452e+07
4.253509e+07
4.254187e+07
4.253496e+07
4.253619e+07
4.254355e+07
4.253143e+07
4.253992e+07
4.254087e+07
4.254314e+07
4.253987e+07
4.25387e+07
4.254784e+07
4.254248e+07
4.253986e+07
4.254313e+07
4.254432e+07
4.253628e+07
4.255212e+07
4.253923e+07
4.254126e+07
4.254442e+07
4.254782e+07
4.254056e+07
4.254813e+07
4.253603e+07
4.254768e+07
4.254437e+07
4.254115e+07
4.253928e+07
4.254087e+07
4.254391e+07
4.253759e+07
4.254374e+07
4.253986e+07
4.253662e+07
4.254921e+07
4.254139e+07
4.254642e+07
4.253264e+07
4.254748e+07
4.253607e+07
4.254128e+07
4.254137e+07
4.254674e+07
4.254586e+07
4.253975e+07
4.255268e+07
4.253099e+07
4.253517e+07
4.254379e+07
4.255212e+07
4.25456e+07
4.253757e+07
4.254508e+07
4.255054e+07
4.25469e+07
4.25496e+07
4.254061e+07
4.253897e+07
4.254436e+07
4.255406e+07
4.254252e+07
4.254208e+07
4.253592e+07
4.254732e+07
4.254667e+07
4.254133e+07
4.252964e+07
4.253333e+07
4.253894e+07
4.254673e+07
4.25386e+07
4.254008e+07
4.254758e+07
4.253519e+07
4.254534e+07
4.254873e+07
4.252844e+07
4.254045e+07
4.253358e+07
4.254815e+07
4.254431e+07
4.254159e+07
4.253794e+07
4.253062e+07
4.252862e+07
4.253212e+07
4.254361e+07
4.253986e+07
4.254592e+07
4.253811e+07
4.253808e+07
4.254753e+07
4.253538e+07
4.252744e+07
4.254391e+07
4.252199e+07
4.253867e+07
4.253239e+07
4.253723e+07
4.254329e+07
4.254873e+07
4.254001e+07
4.253287e+07
4.253806e+07
4.253513e+07
4.253444e+07
4.252855e+07
4.254205e+07
4.254532e+07
4.252804e+07
4.252884e+07
4.252914e+07
4.25313e+07
4.252218e+07
4.253571e+07
4.252661e+07
4.253323e+07
4.252688e+07
4.251746e+07
4.253768e+07
4.253444e+07
4.252759e+07
4.252969e+07
4.252505e+07
4.251986e+07
4.252817e+07
4.253201e+07
4.252427e+07
4.253099e+07
4.253316e+07
4.251701e+07
4.251622e+07
4.2525e+07
4.25044e+07
4.251923e+07
4.251167e+07
4.251134e+07
4.251912e+07
4.250796e+07
4.251343e+07
4.251293e+07
4.251091e+07
4.249328e+07
4.249308e+07
4.249307e+07
4.250195e+07
4.249645e+07
4.249722e+07
4.248697e+07
4.248705e+07
4.249269e+07
4.248046e+07
4.249038e+07
4.247346e+07
4.248529e+07
4.247448e+07
4.24953e+07
4.248393e+07
4.248531e+07
4.249464e+07
4.248649e+07
4.248553e+07
4.249181e+07
4.250297e+07
4.249044e+07
4.248688e+07
4.250063e+07
4.249449e+07
4.251128e+07
4.250328e+07
4.250267e+07
4.249893e+07
4.250171e+07
4.250146e+07
4.251848e+07
4.252327e+07
4.252711e+07
4.251981e+07
4.252195e+07
4.250425e+07
4.252052e+07
4.251472e+07
4.251506e+07
4.253517e+07
4.252169e+07
4.25239e+07
4.251036e+07
4.251156e+07
4.252896e+07
4.253344e+07
4.254009e+07
4.253434e+07
4.253115e+07
4.253193e+07
4.252611e+07
4.253955e+07
4.253733e+07
4.254401e+07
4.253213e+07
4.253443e+07
4.253178e+07
4.253456e+07
4.25268e+07
4.252075e+07
4.254689e+07
4.254627e+07
4.253287e+07
4.253276e+07
4.25422e+07
4.253982e+07
4.253215e+07
4.254168e+07
4.254791e+07
4.255064e+07
4.254011e+07
4.254598e+07
4.252882e+07
4.254723e+07
4.25439e+07
4.253993e+07
4.254073e+07
4.254594e+07
4.254759e+07
4.252906e+07
4.254531e+07
4.253729e+07
4.25372e+07
4.253882e+07
4.253388e+07
4.253569e+07
4.254346e+07
4.253789e+07
4.254511e+07
4.253527e+07
4.253821e+07
4.254322e+07
4.254464e+07
4.254244e+07
4.255405e+07
4.254381e+07
4.253387e+07
4.254032e+07
4.253775e+07
4.254138e+07
4.254251e+07
4.254362e+07
4.253328e+07
4.253477e+07
4.25451e+07
4.255107e+07
4.254849e+07
4.253445e+07
4.254024e+07
4.253331e+07
4.25435e+07
4.255611e+07
4.253755e+07
4.254268e+07
4.25422e+07
4.25423e+07
4.254584e+07
4.253317e+07
4.252731e+07
4.254495e+07
4.255137e+07
4.254648e+07
4.252683e+07
4.252778e+07
4.255041e+07
4.253247e+07
4.254365e+07
4.253915e+07
4.25491e+07
4.254035e+07
4.254492e+07
4.254706e+07
4.253633e+07
4.253118e+07
4.255321e+07
4.255334e+07
4.25488e+07
4.254742e+07
4.254754e+07
4.255034e+07
4.254312e+07
4.253198e+07
4.25441e+07
4.253668e+07
4.253899e+07
4.254257e+07
4.254976e+07
4.254506e+07
4.253844e+07
4.25413e+07
4.255457e+07
4.254664e+07
4.25353e+07
4.253847e+07
4.253471e+07
4.254147e+07
4.254626e+07
4.253803e+07
4.255427e+07
4.254004e+07
4.25504e+07
4.254107e+07
4.254717e+07
4.254684e+07
4.254717e+07
4.254347e+07
4.254686e+07
4.255157e+07
4.254591e+07
4.255676e+07
4.253856e+07
4.253969e+07
4.254016e+07
4.253848e+07
4.254838e+07
4.254336e+07
4.254324e+07
4.254185e+07
4.254713e+07
4.254098e+07
4.253974e+07
4.254333e+07
4.253669e+07
4.252968e+07
4.254351e+07
4.253583e+07
4.254576e+07
4.25385e+07
4.254742e+07
4.254534e+07
4.253264e+07
4.255378e+07
4.255046e+07
4.254572e+07
4.253499e+07
4.254436e+07
4.254052e+07
4.255258e+07
4.254738e+07
4.253936e+07
4.254327e+07
4.254075e+07
4.255752e+07
4.254748e+07
4.254468e+07
4.255641e+07
4.253996e+07
4.255405e+07
4.254316e+07
4.254323e+07
4.25404e+07
4.253489e+07
4.254312e+07
4.254957e+07
4.25359e+07
4.253606e+07
4.253889e+07
4.253917e+07
4.254783e+07
4.255335e+07
4.254219e+07
4.255894e+07
4.255018e+07
4.254265e+07
4.255375e+07
4.254924e+07
4.255656e+07
4.254389e+07
4.253732e+07
4.255199e+07
4.255286e+07
4.255401e+07
4.253592e+07
4.255397e+07
4.253846e+07
4.253904e+07
4.254115e+07
4.254458e+07
4.25567e+07
4.255619e+07
4.255955e+07
4.254777e+07
4.254837e+07
4.253973e+07
4.255233e+07
4.2545e+07
4.253794e+07
4.254076e+07
4.254591e+07
4.254151e+07
4.254316e+07
4.253642e+07
4.254362e+07
4.254128e+07
4.254747e+07
4.254501e+07
4.254235e+07
4.254809e+07
4.254285e+07
4.253897e+07
4.253041e+07
4.254478e+07
4.253981e+07
4.254437e+07
4.255145e+07
4.254161e+07
4.256313e+07
4.253137e+07
4.253397e+07
4.25517e+07
