   1 4.509716e+07
   2 4.510173e+07
   3 4.509733e+07
   4 4.508857e+07
   5 4.510634e+07
   6 4.5108e+07
   7 4.511026e+07
   8 4.510428e+07
   9 4.510941e+07
   10 4.510976e+07
   11 4.510329e+07
   12 4.510377e+07
   13 4.510312e+07
   14 4.510777e+07
   15 4.510835e+07
   16 4.509152e+07
   17 4.509264e+07
   18 4.507562e+07
   19 4.510507e+07
   20 4.508707e+07
   21 4.510465e+07
   22 4.509674e+07
   23 4.509479e+07
   24 4.509988e+07
   25 4.509029e+07
   26 4.509268e+07
   27 4.508658e+07
   28 4.509363e+07
   29 4.510948e+07
   30 4.511498e+07
   31 4.51008e+07
   32 4.510725e+07
   33 4.509688e+07
   34 4.510953e+07
   35 4.510738e+07
   36 4.510319e+07
   37 4.509338e+07
   38 4.50861e+07
   39 4.510044e+07
   40 4.510859e+07
   41 4.510029e+07
   42 4.509748e+07
   43 4.509108e+07
   44 4.509203e+07
   45 4.510114e+07
   46 4.509887e+07
   47 4.510821e+07
   48 4.510088e+07
   49 4.510099e+07
   50 4.509223e+07
   51 4.510181e+07
   52 4.510591e+07
   53 4.509409e+07
   54 4.509829e+07
   55 4.508756e+07
   56 4.50933e+07
   57 4.509343e+07
   58 4.509787e+07
   59 4.509848e+07
   60 4.509305e+07
   61 4.511283e+07
   62 4.510181e+07
   63 4.510025e+07
   64 4.508231e+07
   65 4.510214e+07
   66 4.509815e+07
   67 4.509993e+07
   68 4.508979e+07
   69 4.50965e+07
   70 4.509498e+07
   71 4.51069e+07
   72 4.509343e+07
   73 4.509988e+07
   74 4.510199e+07
   75 4.51065e+07
   76 4.510022e+07
   77 4.510727e+07
   78 4.510644e+07
   79 4.50957e+07
   80 4.509036e+07
   81 4.510132e+07
   82 4.509889e+07
   83 4.509739e+07
   84 4.510777e+07
   85 4.509317e+07
   86 4.50984e+07
   87 4.509765e+07
   88 4.509758e+07
   89 4.508971e+07
   90 4.510091e+07
   91 4.509861e+07
   92 4.510195e+07
   93 4.510232e+07
   94 4.509911e+07
   95 4.509217e+07
   96 4.510279e+07
   97 4.510103e+07
   98 4.509366e+07
   99 4.510396e+07
   100 4.510723e+07
   101 4.510035e+07
   102 4.509045e+07
   103 4.509479e+07
   104 4.508855e+07
   105 4.508808e+07
   106 4.509486e+07
   107 4.508447e+07
   108 4.509303e+07
   109 4.509406e+07
   110 4.509422e+07
   111 4.509152e+07
   112 4.509253e+07
   113 4.510001e+07
   114 4.509481e+07
   115 4.509178e+07
   116 4.50954e+07
   117 4.509688e+07
   118 4.508935e+07
   119 4.51016e+07
   120 4.509192e+07
   121 4.509467e+07
   122 4.50974e+07
   123 4.510028e+07
   124 4.509244e+07
   125 4.510165e+07
   126 4.508838e+07
   127 4.510135e+07
   128 4.510112e+07
   129 4.509896e+07
   130 4.509383e+07
   131 4.509405e+07
   132 4.509345e+07
   133 4.509274e+07
   134 4.509691e+07
   135 4.509466e+07
   136 4.508686e+07
   137 4.50989e+07
   138 4.509299e+07
   139 4.510186e+07
   140 4.508537e+07
   141 4.509881e+07
   142 4.5087e+07
   143 4.509628e+07
   144 4.509398e+07
   145 4.509788e+07
   146 4.510051e+07
   147 4.509073e+07
   148 4.510663e+07
   149 4.508573e+07
   150 4.508538e+07
   151 4.50969e+07
   152 4.510221e+07
   153 4.509997e+07
   154 4.508916e+07
   155 4.509898e+07
   156 4.510238e+07
   157 4.510044e+07
   158 4.5102e+07
   159 4.509218e+07
   160 4.509095e+07
   161 4.509646e+07
   162 4.510565e+07
   163 4.509376e+07
   164 4.509422e+07
   165 4.508752e+07
   166 4.510081e+07
   167 4.510011e+07
   168 4.509577e+07
   169 4.507984e+07
   170 4.508788e+07
   171 4.509102e+07
   172 4.510014e+07
   173 4.509212e+07
   174 4.509306e+07
   175 4.509876e+07
   176 4.508774e+07
   177 4.50999e+07
   178 4.510202e+07
   179 4.507882e+07
   180 4.509342e+07
   181 4.509003e+07
   182 4.51039e+07
   183 4.509517e+07
   184 4.509345e+07
   185 4.509261e+07
   186 4.508253e+07
   187 4.50795e+07
   188 4.508695e+07
   189 4.50971e+07
   190 4.509271e+07
   191 4.510062e+07
   192 4.508828e+07
   193 4.508751e+07
   194 4.51009e+07
   195 4.508653e+07
   196 4.508024e+07
   197 4.509438e+07
   198 4.507538e+07
   199 4.509225e+07
   200 4.50856e+07
   201 4.50887e+07
   202 4.509807e+07
   203 4.509898e+07
   204 4.509293e+07
   205 4.50856e+07
   206 4.509097e+07
   207 4.508956e+07
   208 4.508584e+07
   209 4.50779e+07
   210 4.509464e+07
   211 4.509677e+07
   212 4.508126e+07
   213 4.508095e+07
   214 4.508274e+07
   215 4.508126e+07
   216 4.507343e+07
   217 4.508914e+07
   218 4.507906e+07
   219 4.508585e+07
   220 4.507851e+07
   221 4.50681e+07
   222 4.508953e+07
   223 4.508678e+07
   224 4.50809e+07
   225 4.508168e+07
   226 4.507761e+07
   227 4.50725e+07
   228 4.507758e+07
   229 4.508094e+07
   230 4.507452e+07
   231 4.508643e+07
   232 4.508074e+07
   233 4.507105e+07
   234 4.506726e+07
   235 4.507457e+07
   236 4.505618e+07
   237 4.507186e+07
   238 4.506173e+07
   239 4.506012e+07
   240 4.506815e+07
   241 4.5056e+07
   242 4.506371e+07
   243 4.506254e+07
   244 4.506427e+07
   245 4.504431e+07
   246 4.50418e+07
   247 4.504088e+07
   248 4.505043e+07
   249 4.504716e+07
   250 4.505029e+07
   251 4.503662e+07
   252 4.503628e+07
   253 4.504075e+07
   254 4.503065e+07
   255 4.503908e+07
   256 4.502222e+07
   257 4.50349e+07
   258 4.502568e+07
   259 4.504349e+07
   260 4.503293e+07
   261 4.503752e+07
   262 4.504366e+07
   263 4.50374e+07
   264 4.503489e+07
   265 4.504275e+07
   266 4.505234e+07
   267 4.50416e+07
   268 4.503798e+07
   269 4.504962e+07
   270 4.504388e+07
   271 4.506085e+07
   272 4.505498e+07
   273 4.505257e+07
   274 4.50497e+07
   275 4.505304e+07
   276 4.505254e+07
   277 4.50681e+07
   278 4.507145e+07
   279 4.507669e+07
   280 4.507106e+07
   281 4.507416e+07
   282 4.50571e+07
   283 4.507091e+07
   284 4.506797e+07
   285 4.506891e+07
   286 4.508381e+07
   287 4.507308e+07
   288 4.507626e+07
   289 4.506153e+07
   290 4.506453e+07
   291 4.50774e+07
   292 4.508293e+07
   293 4.509075e+07
   294 4.508807e+07
   295 4.508193e+07
   296 4.508372e+07
   297 4.50814e+07
   298 4.509252e+07
   299 4.508913e+07
   300 4.509542e+07
   301 4.508522e+07
   302 4.508404e+07
   303 4.508349e+07
   304 4.508405e+07
   305 4.507868e+07
   306 4.507156e+07
   307 4.509897e+07
   308 4.509862e+07
   309 4.508336e+07
   310 4.508326e+07
   311 4.509569e+07
   312 4.509122e+07
   313 4.508081e+07
   314 4.5095e+07
   315 4.510122e+07
   316 4.510063e+07
   317 4.509222e+07
   318 4.509768e+07
   319 4.508201e+07
   320 4.509978e+07
   321 4.509498e+07
   322 4.509093e+07
   323 4.50928e+07
   324 4.509826e+07
   325 4.510154e+07
   326 4.508145e+07
   327 4.509469e+07
   328 4.50881e+07
   329 4.508925e+07
   330 4.509068e+07
   331 4.508837e+07
   332 4.509134e+07
   333 4.509495e+07
   334 4.508954e+07
   335 4.509792e+07
   336 4.508785e+07
   337 4.508998e+07
   338 4.509678e+07
   339 4.509972e+07
   340 4.509564e+07
   341 4.510757e+07
   342 4.509749e+07
   343 4.508649e+07
   344 4.509379e+07
   345 4.508992e+07
   346 4.509161e+07
   347 4.509669e+07
   348 4.509608e+07
   349 4.508346e+07
   350 4.508588e+07
   351 4.510002e+07
   352 4.510419e+07
   353 4.510129e+07
   354 4.508854e+07
   355 4.509066e+07
   356 4.50838e+07
   357 4.509539e+07
   358 4.510905e+07
   359 4.508983e+07
   360 4.50925e+07
   361 4.50933e+07
   362 4.509443e+07
   363 4.509898e+07
   364 4.508468e+07
   365 4.507912e+07
   366 4.509394e+07
   367 4.510415e+07
   368 4.509822e+07
   369 4.507963e+07
   370 4.508073e+07
   371 4.510437e+07
   372 4.508592e+07
   373 4.509479e+07
   374 4.509209e+07
   375 4.509987e+07
   376 4.509442e+07
   377 4.510041e+07
   378 4.510065e+07
   379 4.509369e+07
   380 4.508455e+07
   381 4.510748e+07
   382 4.510643e+07
   383 4.510242e+07
   384 4.510381e+07
   385 4.509906e+07
   386 4.510474e+07
   387 4.50972e+07
   388 4.508329e+07
   389 4.509756e+07
   390 4.509067e+07
   391 4.509352e+07
   392 4.509575e+07
   393 4.510351e+07
   394 4.509963e+07
   395 4.509146e+07
   396 4.509656e+07
   397 4.51074e+07
   398 4.509847e+07
   399 4.508663e+07
   400 4.50908e+07
   401 4.508701e+07
   402 4.509325e+07
   403 4.509945e+07
   404 4.508728e+07
   405 4.510882e+07
   406 4.509318e+07
   407 4.510077e+07
   408 4.509162e+07
   409 4.509989e+07
   410 4.509917e+07
   411 4.510005e+07
   412 4.509518e+07
   413 4.510142e+07
   414 4.5106e+07
   415 4.50994e+07
   416 4.510967e+07
   417 4.508815e+07
   418 4.509331e+07
   419 4.509137e+07
   420 4.509337e+07
   421 4.509553e+07
   422 4.509535e+07
   423 4.509656e+07
   424 4.50956e+07
   425 4.509963e+07
   426 4.509048e+07
   427 4.509504e+07
   428 4.509243e+07
   429 4.509152e+07
   430 4.508435e+07
   431 4.509836e+07
   432 4.508767e+07
   433 4.509735e+07
   434 4.50931e+07
   435 4.50978e+07
   436 4.509893e+07
   437 4.508618e+07
   438 4.510296e+07
   439 4.510207e+07
   440 4.510015e+07
   441 4.508598e+07
   442 4.509524e+07
   443 4.509178e+07
   444 4.510457e+07
   445 4.50987e+07
   446 4.509228e+07
   447 4.50963e+07
   448 4.509174e+07
   449 4.510793e+07
   450 4.509859e+07
   451 4.509466e+07
   452 4.510978e+07
   453 4.509293e+07
   454 4.510661e+07
   455 4.509508e+07
   456 4.509442e+07
   457 4.509429e+07
   458 4.508753e+07
   459 4.509601e+07
   460 4.51021e+07
   461 4.509049e+07
   462 4.508601e+07
   463 4.509155e+07
   464 4.509273e+07
   465 4.510406e+07
   466 4.510608e+07
   467 4.509398e+07
   468 4.510971e+07
   469 4.51036e+07
   470 4.509611e+07
   471 4.51075e+07
   472 4.510195e+07
   473 4.511115e+07
   474 4.509773e+07
   475 4.508989e+07
   476 4.510309e+07
   477 4.510472e+07
   478 4.510514e+07
   479 4.508876e+07
   480 4.510748e+07
   481 4.509291e+07
   482 4.509283e+07
   483 4.509388e+07
   484 4.509872e+07
   485 4.51099e+07
   486 4.510792e+07
   487 4.511338e+07
   488 4.509896e+07
   489 4.509791e+07
   490 4.509032e+07
   491 4.510364e+07
   492 4.509748e+07
   493 4.50916e+07
   494 4.509166e+07
   495 4.509539e+07
   496 4.509391e+07
   497 4.509393e+07
   498 4.509062e+07
   499 4.509603e+07
   500 4.509388e+07
   501 4.509896e+07
   502 4.510173e+07
   503 4.509182e+07
   504 4.509703e+07
   505 4.50957e+07
   506 4.509386e+07
   507 4.508455e+07
   508 4.509868e+07
   509 4.509338e+07
   510 4.509891e+07
   511 4.510218e+07
   512 4.509444e+07
   513 4.51173e+07
   514 4.508529e+07
   515 4.508519e+07
   516 4.510596e+07
