4.510171e+07
4.510636e+07
4.510182e+07
4.509338e+07
4.511099e+07
4.511231e+07
4.511486e+07
4.510929e+07
4.511352e+07
4.511428e+07
4.510819e+07
4.510859e+07
4.510667e+07
4.511298e+07
4.511314e+07
4.50958e+07
4.509684e+07
4.50803e+07
4.510981e+07
4.50912e+07
4.510926e+07
4.510163e+07
4.509901e+07
4.510378e+07
4.50948e+07
4.509765e+07
4.509096e+07
4.509831e+07
4.511334e+07
4.511989e+07
4.510507e+07
4.511155e+07
4.51018e+07
4.511371e+07
4.511192e+07
4.510749e+07
4.509791e+07
4.50906e+07
4.510526e+07
4.511253e+07
4.510427e+07
4.510253e+07
4.509508e+07
4.50961e+07
4.510593e+07
4.510276e+07
4.511319e+07
4.510466e+07
4.510521e+07
4.509695e+07
4.510513e+07
4.511087e+07
4.509808e+07
4.510279e+07
4.509228e+07
4.509856e+07
4.509631e+07
4.51024e+07
4.510252e+07
4.509706e+07
4.51173e+07
4.510567e+07
4.510508e+07
4.50858e+07
4.510665e+07
4.510191e+07
4.510412e+07
4.509477e+07
4.509978e+07
4.509874e+07
4.511055e+07
4.509785e+07
4.510423e+07
4.510694e+07
4.510945e+07
4.510491e+07
4.511078e+07
4.511036e+07
4.509881e+07
4.509445e+07
4.510597e+07
4.510322e+07
4.510161e+07
4.511144e+07
4.509581e+07
4.510305e+07
4.510028e+07
4.510164e+07
4.50929e+07
4.510521e+07
4.510161e+07
4.510624e+07
4.510599e+07
4.510273e+07
4.509508e+07
4.510661e+07
4.510426e+07
4.509655e+07
4.510805e+07
4.511072e+07
4.510246e+07
4.509356e+07
4.509885e+07
4.509189e+07
4.509138e+07
4.509863e+07
4.508657e+07
4.509624e+07
4.509727e+07
4.5097e+07
4.509455e+07
4.50946e+07
4.510443e+07
4.509642e+07
4.509463e+07
4.509673e+07
4.509972e+07
4.509285e+07
4.510275e+07
4.509437e+07
4.509532e+07
4.509975e+07
4.510239e+07
4.509421e+07
4.510268e+07
4.50908e+07
4.510163e+07
4.510322e+07
4.510067e+07
4.509505e+07
4.509608e+07
4.509304e+07
4.509191e+07
4.509845e+07
4.509464e+07
4.50856e+07
4.509993e+07
4.509146e+07
4.510175e+07
4.508292e+07
4.509844e+07
4.508686e+07
4.509329e+07
4.509199e+07
4.509425e+07
4.509933e+07
4.508565e+07
4.510283e+07
4.508151e+07
4.507936e+07
4.50935e+07
4.509541e+07
4.509458e+07
4.508355e+07
4.50913e+07
4.509282e+07
4.509268e+07
4.509253e+07
4.508239e+07
4.507909e+07
4.508534e+07
4.509303e+07
4.508026e+07
4.508019e+07
4.507348e+07
4.508662e+07
4.508243e+07
4.507889e+07
4.506324e+07
4.507157e+07
4.507282e+07
4.5083e+07
4.507426e+07
4.507539e+07
4.508167e+07
4.507156e+07
4.508328e+07
4.508494e+07
4.506436e+07
4.507807e+07
4.50766e+07
4.509082e+07
4.508238e+07
4.508164e+07
4.508151e+07
4.507207e+07
4.506993e+07
4.507818e+07
4.508905e+07
4.50852e+07
4.509334e+07
4.508208e+07
4.508178e+07
4.509511e+07
4.508198e+07
4.507561e+07
4.509073e+07
4.507184e+07
4.508905e+07
4.508282e+07
4.508622e+07
4.509638e+07
4.509668e+07
4.50917e+07
4.508378e+07
4.509017e+07
4.508863e+07
4.508575e+07
4.50774e+07
4.509447e+07
4.509688e+07
4.508153e+07
4.508184e+07
4.50831e+07
4.508198e+07
4.507328e+07
4.509094e+07
4.50797e+07
4.50869e+07
4.508e+07
4.506959e+07
4.509121e+07
4.508823e+07
4.508218e+07
4.508317e+07
4.508028e+07
4.507418e+07
4.507924e+07
4.508325e+07
4.507655e+07
4.508824e+07
4.508298e+07
4.507332e+07
4.506958e+07
4.5077e+07
4.505858e+07
4.507412e+07
4.506466e+07
4.506238e+07
4.507075e+07
4.505856e+07
4.506608e+07
4.506498e+07
4.50672e+07
4.504705e+07
4.504455e+07
4.504301e+07
4.505359e+07
4.504999e+07
4.505292e+07
4.503924e+07
4.503928e+07
4.50436e+07
4.503349e+07
4.504183e+07
4.5025e+07
4.503768e+07
4.502848e+07
4.504627e+07
4.503581e+07
4.504021e+07
4.504648e+07
4.504056e+07
4.503747e+07
4.504544e+07
4.505505e+07
4.504432e+07
4.50405e+07
4.505273e+07
4.504684e+07
4.506298e+07
4.505818e+07
4.505503e+07
4.505235e+07
4.505555e+07
4.5055e+07
4.507076e+07
4.507373e+07
4.507943e+07
4.507342e+07
4.507626e+07
4.50595e+07
4.507344e+07
4.50702e+07
4.507077e+07
4.50865e+07
4.507482e+07
4.507842e+07
4.506322e+07
4.506595e+07
4.507943e+07
4.508434e+07
4.5093e+07
4.508947e+07
4.50833e+07
4.508539e+07
4.508276e+07
4.50937e+07
4.509056e+07
4.509632e+07
4.508581e+07
4.508492e+07
4.508394e+07
4.5084e+07
4.507914e+07
4.507162e+07
4.509907e+07
4.509779e+07
4.508356e+07
4.508241e+07
4.509416e+07
4.508969e+07
4.507951e+07
4.509349e+07
4.509892e+07
4.509822e+07
4.508968e+07
4.509437e+07
4.507845e+07
4.509591e+07
4.509027e+07
4.508649e+07
4.508728e+07
4.509259e+07
4.509516e+07
4.507486e+07
4.508677e+07
4.507988e+07
4.507992e+07
4.508161e+07
4.507804e+07
4.508034e+07
4.508278e+07
4.507708e+07
4.508495e+07
4.507398e+07
4.507485e+07
4.508153e+07
4.508413e+07
4.507825e+07
4.509148e+07
4.508079e+07
4.50688e+07
4.507568e+07
4.507241e+07
4.507391e+07
4.508043e+07
4.507814e+07
4.506649e+07
4.506999e+07
4.508579e+07
4.508885e+07
4.50882e+07
4.507509e+07
4.507883e+07
4.507089e+07
4.508553e+07
4.509684e+07
4.508243e+07
4.508363e+07
4.508411e+07
4.508784e+07
4.509157e+07
4.507913e+07
4.50725e+07
4.508834e+07
4.510042e+07
4.50933e+07
4.507671e+07
4.507702e+07
4.510124e+07
4.508435e+07
4.509291e+07
4.509045e+07
4.50956e+07
4.509414e+07
4.509832e+07
4.510108e+07
4.509401e+07
4.508381e+07
4.510751e+07
4.510595e+07
4.510142e+07
4.51051e+07
4.510012e+07
4.510701e+07
4.509768e+07
4.508495e+07
4.509601e+07
4.509384e+07
4.50955e+07
4.509656e+07
4.510595e+07
4.510194e+07
4.509183e+07
4.509812e+07
4.511077e+07
4.510067e+07
4.508802e+07
4.509546e+07
4.508767e+07
4.509624e+07
4.510149e+07
4.508964e+07
4.511344e+07
4.509576e+07
4.510186e+07
4.509556e+07
4.510263e+07
4.510241e+07
4.510364e+07
4.50977e+07
4.510545e+07
4.510877e+07
4.510265e+07
4.511254e+07
4.509158e+07
4.509598e+07
4.509539e+07
4.50972e+07
4.509886e+07
4.50995e+07
4.509904e+07
4.509939e+07
4.510393e+07
4.50936e+07
4.509832e+07
4.509708e+07
4.509482e+07
4.508852e+07
4.510202e+07
4.509087e+07
4.510151e+07
4.509666e+07
4.510238e+07
4.510151e+07
4.509051e+07
4.510677e+07
4.510639e+07
4.510337e+07
4.508969e+07
4.510038e+07
4.50953e+07
4.510838e+07
4.510243e+07
4.50968e+07
4.510106e+07
4.509538e+07
4.511177e+07
4.510303e+07
4.50994e+07
4.511253e+07
4.50976e+07
4.511067e+07
4.509927e+07
4.50982e+07
4.509857e+07
4.509251e+07
4.509939e+07
4.510739e+07
4.509451e+07
4.509038e+07
4.509476e+07
4.509776e+07
4.510803e+07
4.511059e+07
4.509814e+07
4.511445e+07
4.510774e+07
4.509909e+07
4.511297e+07
4.510666e+07
4.511564e+07
4.510228e+07
4.509384e+07
4.510749e+07
4.510925e+07
4.510931e+07
4.509359e+07
4.511123e+07
4.509744e+07
4.509757e+07
4.509832e+07
4.510315e+07
4.511456e+07
4.511135e+07
4.511822e+07
4.510429e+07
4.510189e+07
4.509437e+07
4.510862e+07
4.510139e+07
4.509703e+07
4.509584e+07
4.509971e+07
4.509839e+07
4.509842e+07
4.5095e+07
4.510037e+07
4.509926e+07
4.51031e+07
4.510572e+07
4.5097e+07
4.510126e+07
4.510031e+07
4.50985e+07
4.508903e+07
4.510318e+07
4.509797e+07
4.510326e+07
4.510678e+07
4.509893e+07
4.512186e+07
4.508993e+07
4.509004e+07
4.511045e+07
