   1 4.510171e+07
   2 4.510636e+07
   3 4.510182e+07
   4 4.509338e+07
   5 4.511099e+07
   6 4.511231e+07
   7 4.511486e+07
   8 4.510929e+07
   9 4.511352e+07
   10 4.511428e+07
   11 4.510819e+07
   12 4.510859e+07
   13 4.510667e+07
   14 4.511298e+07
   15 4.511314e+07
   16 4.50958e+07
   17 4.509684e+07
   18 4.50803e+07
   19 4.510981e+07
   20 4.50912e+07
   21 4.510926e+07
   22 4.510163e+07
   23 4.509901e+07
   24 4.510378e+07
   25 4.50948e+07
   26 4.509765e+07
   27 4.509096e+07
   28 4.509831e+07
   29 4.511334e+07
   30 4.511989e+07
   31 4.510507e+07
   32 4.511155e+07
   33 4.51018e+07
   34 4.511371e+07
   35 4.511192e+07
   36 4.510749e+07
   37 4.509791e+07
   38 4.50906e+07
   39 4.510526e+07
   40 4.511253e+07
   41 4.510427e+07
   42 4.510253e+07
   43 4.509508e+07
   44 4.50961e+07
   45 4.510593e+07
   46 4.510276e+07
   47 4.511319e+07
   48 4.510466e+07
   49 4.510521e+07
   50 4.509695e+07
   51 4.510513e+07
   52 4.511087e+07
   53 4.509808e+07
   54 4.510279e+07
   55 4.509228e+07
   56 4.509856e+07
   57 4.509631e+07
   58 4.51024e+07
   59 4.510252e+07
   60 4.509706e+07
   61 4.51173e+07
   62 4.510567e+07
   63 4.510508e+07
   64 4.50858e+07
   65 4.510665e+07
   66 4.510191e+07
   67 4.510412e+07
   68 4.509477e+07
   69 4.509978e+07
   70 4.509874e+07
   71 4.511055e+07
   72 4.509785e+07
   73 4.510423e+07
   74 4.510694e+07
   75 4.510945e+07
   76 4.510491e+07
   77 4.511078e+07
   78 4.511036e+07
   79 4.509881e+07
   80 4.509445e+07
   81 4.510597e+07
   82 4.510322e+07
   83 4.510161e+07
   84 4.511144e+07
   85 4.509581e+07
   86 4.510305e+07
   87 4.510028e+07
   88 4.510164e+07
   89 4.50929e+07
   90 4.510521e+07
   91 4.510161e+07
   92 4.510624e+07
   93 4.510599e+07
   94 4.510273e+07
   95 4.509508e+07
   96 4.510661e+07
   97 4.510426e+07
   98 4.509655e+07
   99 4.510805e+07
   100 4.511072e+07
   101 4.510246e+07
   102 4.509356e+07
   103 4.509885e+07
   104 4.509189e+07
   105 4.509138e+07
   106 4.509863e+07
   107 4.508657e+07
   108 4.509624e+07
   109 4.509727e+07
   110 4.5097e+07
   111 4.509455e+07
   112 4.50946e+07
   113 4.510443e+07
   114 4.509642e+07
   115 4.509463e+07
   116 4.509673e+07
   117 4.509972e+07
   118 4.509285e+07
   119 4.510275e+07
   120 4.509437e+07
   121 4.509532e+07
   122 4.509975e+07
   123 4.510239e+07
   124 4.509421e+07
   125 4.510268e+07
   126 4.50908e+07
   127 4.510163e+07
   128 4.510322e+07
   129 4.510067e+07
   130 4.509505e+07
   131 4.509608e+07
   132 4.509304e+07
   133 4.509191e+07
   134 4.509845e+07
   135 4.509464e+07
   136 4.50856e+07
   137 4.509993e+07
   138 4.509146e+07
   139 4.510175e+07
   140 4.508292e+07
   141 4.509844e+07
   142 4.508686e+07
   143 4.509329e+07
   144 4.509199e+07
   145 4.509425e+07
   146 4.509933e+07
   147 4.508565e+07
   148 4.510283e+07
   149 4.508151e+07
   150 4.507936e+07
   151 4.50935e+07
   152 4.509541e+07
   153 4.509458e+07
   154 4.508355e+07
   155 4.50913e+07
   156 4.509282e+07
   157 4.509268e+07
   158 4.509253e+07
   159 4.508239e+07
   160 4.507909e+07
   161 4.508534e+07
   162 4.509303e+07
   163 4.508026e+07
   164 4.508019e+07
   165 4.507348e+07
   166 4.508662e+07
   167 4.508243e+07
   168 4.507889e+07
   169 4.506324e+07
   170 4.507157e+07
   171 4.507282e+07
   172 4.5083e+07
   173 4.507426e+07
   174 4.507539e+07
   175 4.508167e+07
   176 4.507156e+07
   177 4.508328e+07
   178 4.508494e+07
   179 4.506436e+07
   180 4.507807e+07
   181 4.50766e+07
   182 4.509082e+07
   183 4.508238e+07
   184 4.508164e+07
   185 4.508151e+07
   186 4.507207e+07
   187 4.506993e+07
   188 4.507818e+07
   189 4.508905e+07
   190 4.50852e+07
   191 4.509334e+07
   192 4.508208e+07
   193 4.508178e+07
   194 4.509511e+07
   195 4.508198e+07
   196 4.507561e+07
   197 4.509073e+07
   198 4.507184e+07
   199 4.508905e+07
   200 4.508282e+07
   201 4.508622e+07
   202 4.509638e+07
   203 4.509668e+07
   204 4.50917e+07
   205 4.508378e+07
   206 4.509017e+07
   207 4.508863e+07
   208 4.508575e+07
   209 4.50774e+07
   210 4.509447e+07
   211 4.509688e+07
   212 4.508153e+07
   213 4.508184e+07
   214 4.50831e+07
   215 4.508198e+07
   216 4.507328e+07
   217 4.509094e+07
   218 4.50797e+07
   219 4.50869e+07
   220 4.508e+07
   221 4.506959e+07
   222 4.509121e+07
   223 4.508823e+07
   224 4.508218e+07
   225 4.508317e+07
   226 4.508028e+07
   227 4.507418e+07
   228 4.507924e+07
   229 4.508325e+07
   230 4.507655e+07
   231 4.508824e+07
   232 4.508298e+07
   233 4.507332e+07
   234 4.506958e+07
   235 4.5077e+07
   236 4.505858e+07
   237 4.507412e+07
   238 4.506466e+07
   239 4.506238e+07
   240 4.507075e+07
   241 4.505856e+07
   242 4.506608e+07
   243 4.506498e+07
   244 4.50672e+07
   245 4.504705e+07
   246 4.504455e+07
   247 4.504301e+07
   248 4.505359e+07
   249 4.504999e+07
   250 4.505292e+07
   251 4.503924e+07
   252 4.503928e+07
   253 4.50436e+07
   254 4.503349e+07
   255 4.504183e+07
   256 4.5025e+07
   257 4.503768e+07
   258 4.502848e+07
   259 4.504627e+07
   260 4.503581e+07
   261 4.504021e+07
   262 4.504648e+07
   263 4.504056e+07
   264 4.503747e+07
   265 4.504544e+07
   266 4.505505e+07
   267 4.504432e+07
   268 4.50405e+07
   269 4.505273e+07
   270 4.504684e+07
   271 4.506298e+07
   272 4.505818e+07
   273 4.505503e+07
   274 4.505235e+07
   275 4.505555e+07
   276 4.5055e+07
   277 4.507076e+07
   278 4.507373e+07
   279 4.507943e+07
   280 4.507342e+07
   281 4.507626e+07
   282 4.50595e+07
   283 4.507344e+07
   284 4.50702e+07
   285 4.507077e+07
   286 4.50865e+07
   287 4.507482e+07
   288 4.507842e+07
   289 4.506322e+07
   290 4.506595e+07
   291 4.507943e+07
   292 4.508434e+07
   293 4.5093e+07
   294 4.508947e+07
   295 4.50833e+07
   296 4.508539e+07
   297 4.508276e+07
   298 4.50937e+07
   299 4.509056e+07
   300 4.509632e+07
   301 4.508581e+07
   302 4.508492e+07
   303 4.508394e+07
   304 4.5084e+07
   305 4.507914e+07
   306 4.507162e+07
   307 4.509907e+07
   308 4.509779e+07
   309 4.508356e+07
   310 4.508241e+07
   311 4.509416e+07
   312 4.508969e+07
   313 4.507951e+07
   314 4.509349e+07
   315 4.509892e+07
   316 4.509822e+07
   317 4.508968e+07
   318 4.509437e+07
   319 4.507845e+07
   320 4.509591e+07
   321 4.509027e+07
   322 4.508649e+07
   323 4.508728e+07
   324 4.509259e+07
   325 4.509516e+07
   326 4.507486e+07
   327 4.508677e+07
   328 4.507988e+07
   329 4.507992e+07
   330 4.508161e+07
   331 4.507804e+07
   332 4.508034e+07
   333 4.508278e+07
   334 4.507708e+07
   335 4.508495e+07
   336 4.507398e+07
   337 4.507485e+07
   338 4.508153e+07
   339 4.508413e+07
   340 4.507825e+07
   341 4.509148e+07
   342 4.508079e+07
   343 4.50688e+07
   344 4.507568e+07
   345 4.507241e+07
   346 4.507391e+07
   347 4.508043e+07
   348 4.507814e+07
   349 4.506649e+07
   350 4.506999e+07
   351 4.508579e+07
   352 4.508885e+07
   353 4.50882e+07
   354 4.507509e+07
   355 4.507883e+07
   356 4.507089e+07
   357 4.508553e+07
   358 4.509684e+07
   359 4.508243e+07
   360 4.508363e+07
   361 4.508411e+07
   362 4.508784e+07
   363 4.509157e+07
   364 4.507913e+07
   365 4.50725e+07
   366 4.508834e+07
   367 4.510042e+07
   368 4.50933e+07
   369 4.507671e+07
   370 4.507702e+07
   371 4.510124e+07
   372 4.508435e+07
   373 4.509291e+07
   374 4.509045e+07
   375 4.50956e+07
   376 4.509414e+07
   377 4.509832e+07
   378 4.510108e+07
   379 4.509401e+07
   380 4.508381e+07
   381 4.510751e+07
   382 4.510595e+07
   383 4.510142e+07
   384 4.51051e+07
   385 4.510012e+07
   386 4.510701e+07
   387 4.509768e+07
   388 4.508495e+07
   389 4.509601e+07
   390 4.509384e+07
   391 4.50955e+07
   392 4.509656e+07
   393 4.510595e+07
   394 4.510194e+07
   395 4.509183e+07
   396 4.509812e+07
   397 4.511077e+07
   398 4.510067e+07
   399 4.508802e+07
   400 4.509546e+07
   401 4.508767e+07
   402 4.509624e+07
   403 4.510149e+07
   404 4.508964e+07
   405 4.511344e+07
   406 4.509576e+07
   407 4.510186e+07
   408 4.509556e+07
   409 4.510263e+07
   410 4.510241e+07
   411 4.510364e+07
   412 4.50977e+07
   413 4.510545e+07
   414 4.510877e+07
   415 4.510265e+07
   416 4.511254e+07
   417 4.509158e+07
   418 4.509598e+07
   419 4.509539e+07
   420 4.50972e+07
   421 4.509886e+07
   422 4.50995e+07
   423 4.509904e+07
   424 4.509939e+07
   425 4.510393e+07
   426 4.50936e+07
   427 4.509832e+07
   428 4.509708e+07
   429 4.509482e+07
   430 4.508852e+07
   431 4.510202e+07
   432 4.509087e+07
   433 4.510151e+07
   434 4.509666e+07
   435 4.510238e+07
   436 4.510151e+07
   437 4.509051e+07
   438 4.510677e+07
   439 4.510639e+07
   440 4.510337e+07
   441 4.508969e+07
   442 4.510038e+07
   443 4.50953e+07
   444 4.510838e+07
   445 4.510243e+07
   446 4.50968e+07
   447 4.510106e+07
   448 4.509538e+07
   449 4.511177e+07
   450 4.510303e+07
   451 4.50994e+07
   452 4.511253e+07
   453 4.50976e+07
   454 4.511067e+07
   455 4.509927e+07
   456 4.50982e+07
   457 4.509857e+07
   458 4.509251e+07
   459 4.509939e+07
   460 4.510739e+07
   461 4.509451e+07
   462 4.509038e+07
   463 4.509476e+07
   464 4.509776e+07
   465 4.510803e+07
   466 4.511059e+07
   467 4.509814e+07
   468 4.511445e+07
   469 4.510774e+07
   470 4.509909e+07
   471 4.511297e+07
   472 4.510666e+07
   473 4.511564e+07
   474 4.510228e+07
   475 4.509384e+07
   476 4.510749e+07
   477 4.510925e+07
   478 4.510931e+07
   479 4.509359e+07
   480 4.511123e+07
   481 4.509744e+07
   482 4.509757e+07
   483 4.509832e+07
   484 4.510315e+07
   485 4.511456e+07
   486 4.511135e+07
   487 4.511822e+07
   488 4.510429e+07
   489 4.510189e+07
   490 4.509437e+07
   491 4.510862e+07
   492 4.510139e+07
   493 4.509703e+07
   494 4.509584e+07
   495 4.509971e+07
   496 4.509839e+07
   497 4.509842e+07
   498 4.5095e+07
   499 4.510037e+07
   500 4.509926e+07
   501 4.51031e+07
   502 4.510572e+07
   503 4.5097e+07
   504 4.510126e+07
   505 4.510031e+07
   506 4.50985e+07
   507 4.508903e+07
   508 4.510318e+07
   509 4.509797e+07
   510 4.510326e+07
   511 4.510678e+07
   512 4.509893e+07
   513 4.512186e+07
   514 4.508993e+07
   515 4.509004e+07
   516 4.511045e+07
