   1 4.254708e+07
   2 4.254935e+07
   3 4.25479e+07
   4 4.253645e+07
   5 4.255476e+07
   6 4.255627e+07
   7 4.255777e+07
   8 4.255226e+07
   9 4.255745e+07
   10 4.255756e+07
   11 4.255144e+07
   12 4.255069e+07
   13 4.254984e+07
   14 4.255396e+07
   15 4.255313e+07
   16 4.254035e+07
   17 4.254046e+07
   18 4.252462e+07
   19 4.255359e+07
   20 4.253458e+07
   21 4.255096e+07
   22 4.254345e+07
   23 4.254092e+07
   24 4.254828e+07
   25 4.254099e+07
   26 4.254182e+07
   27 4.253578e+07
   28 4.254263e+07
   29 4.2555e+07
   30 4.256371e+07
   31 4.25475e+07
   32 4.255558e+07
   33 4.254434e+07
   34 4.255577e+07
   35 4.255188e+07
   36 4.254829e+07
   37 4.253932e+07
   38 4.25335e+07
   39 4.254774e+07
   40 4.255498e+07
   41 4.254752e+07
   42 4.254436e+07
   43 4.253953e+07
   44 4.253956e+07
   45 4.254902e+07
   46 4.254471e+07
   47 4.25554e+07
   48 4.255125e+07
   49 4.254529e+07
   50 4.253797e+07
   51 4.255049e+07
   52 4.255118e+07
   53 4.25396e+07
   54 4.254657e+07
   55 4.253869e+07
   56 4.253985e+07
   57 4.254134e+07
   58 4.254742e+07
   59 4.25423e+07
   60 4.253995e+07
   61 4.25589e+07
   62 4.254753e+07
   63 4.254838e+07
   64 4.253042e+07
   65 4.255086e+07
   66 4.254572e+07
   67 4.254628e+07
   68 4.25349e+07
   69 4.254333e+07
   70 4.254248e+07
   71 4.255659e+07
   72 4.254101e+07
   73 4.254724e+07
   74 4.254775e+07
   75 4.255401e+07
   76 4.254742e+07
   77 4.255425e+07
   78 4.255431e+07
   79 4.254428e+07
   80 4.25387e+07
   81 4.254942e+07
   82 4.254676e+07
   83 4.254478e+07
   84 4.25568e+07
   85 4.253831e+07
   86 4.254303e+07
   87 4.254604e+07
   88 4.254271e+07
   89 4.253897e+07
   90 4.254772e+07
   91 4.254797e+07
   92 4.254832e+07
   93 4.254925e+07
   94 4.254408e+07
   95 4.253818e+07
   96 4.255211e+07
   97 4.254793e+07
   98 4.254087e+07
   99 4.255213e+07
   100 4.255412e+07
   101 4.254452e+07
   102 4.253509e+07
   103 4.254187e+07
   104 4.253496e+07
   105 4.253619e+07
   106 4.254355e+07
   107 4.253143e+07
   108 4.253992e+07
   109 4.254087e+07
   110 4.254314e+07
   111 4.253987e+07
   112 4.25387e+07
   113 4.254784e+07
   114 4.254248e+07
   115 4.253986e+07
   116 4.254313e+07
   117 4.254432e+07
   118 4.253628e+07
   119 4.255212e+07
   120 4.253923e+07
   121 4.254126e+07
   122 4.254442e+07
   123 4.254782e+07
   124 4.254056e+07
   125 4.254813e+07
   126 4.253603e+07
   127 4.254768e+07
   128 4.254437e+07
   129 4.254115e+07
   130 4.253928e+07
   131 4.254087e+07
   132 4.254391e+07
   133 4.253759e+07
   134 4.254374e+07
   135 4.253986e+07
   136 4.253662e+07
   137 4.254921e+07
   138 4.254139e+07
   139 4.254642e+07
   140 4.253264e+07
   141 4.254748e+07
   142 4.253607e+07
   143 4.254128e+07
   144 4.254137e+07
   145 4.254674e+07
   146 4.254586e+07
   147 4.253975e+07
   148 4.255268e+07
   149 4.253099e+07
   150 4.253517e+07
   151 4.254379e+07
   152 4.255212e+07
   153 4.25456e+07
   154 4.253757e+07
   155 4.254508e+07
   156 4.255054e+07
   157 4.25469e+07
   158 4.25496e+07
   159 4.254061e+07
   160 4.253897e+07
   161 4.254436e+07
   162 4.255406e+07
   163 4.254252e+07
   164 4.254208e+07
   165 4.253592e+07
   166 4.254732e+07
   167 4.254667e+07
   168 4.254133e+07
   169 4.252964e+07
   170 4.253333e+07
   171 4.253894e+07
   172 4.254673e+07
   173 4.25386e+07
   174 4.254008e+07
   175 4.254758e+07
   176 4.253519e+07
   177 4.254534e+07
   178 4.254873e+07
   179 4.252844e+07
   180 4.254045e+07
   181 4.253358e+07
   182 4.254815e+07
   183 4.254431e+07
   184 4.254159e+07
   185 4.253794e+07
   186 4.253062e+07
   187 4.252862e+07
   188 4.253212e+07
   189 4.254361e+07
   190 4.253986e+07
   191 4.254592e+07
   192 4.253811e+07
   193 4.253808e+07
   194 4.254753e+07
   195 4.253538e+07
   196 4.252744e+07
   197 4.254391e+07
   198 4.252199e+07
   199 4.253867e+07
   200 4.253239e+07
   201 4.253723e+07
   202 4.254329e+07
   203 4.254873e+07
   204 4.254001e+07
   205 4.253287e+07
   206 4.253806e+07
   207 4.253513e+07
   208 4.253444e+07
   209 4.252855e+07
   210 4.254205e+07
   211 4.254532e+07
   212 4.252804e+07
   213 4.252884e+07
   214 4.252914e+07
   215 4.25313e+07
   216 4.252218e+07
   217 4.253571e+07
   218 4.252661e+07
   219 4.253323e+07
   220 4.252688e+07
   221 4.251746e+07
   222 4.253768e+07
   223 4.253444e+07
   224 4.252759e+07
   225 4.252969e+07
   226 4.252505e+07
   227 4.251986e+07
   228 4.252817e+07
   229 4.253201e+07
   230 4.252427e+07
   231 4.253099e+07
   232 4.253316e+07
   233 4.251701e+07
   234 4.251622e+07
   235 4.2525e+07
   236 4.25044e+07
   237 4.251923e+07
   238 4.251167e+07
   239 4.251134e+07
   240 4.251912e+07
   241 4.250796e+07
   242 4.251343e+07
   243 4.251293e+07
   244 4.251091e+07
   245 4.249328e+07
   246 4.249308e+07
   247 4.249307e+07
   248 4.250195e+07
   249 4.249645e+07
   250 4.249722e+07
   251 4.248697e+07
   252 4.248705e+07
   253 4.249269e+07
   254 4.248046e+07
   255 4.249038e+07
   256 4.247346e+07
   257 4.248529e+07
   258 4.247448e+07
   259 4.24953e+07
   260 4.248393e+07
   261 4.248531e+07
   262 4.249464e+07
   263 4.248649e+07
   264 4.248553e+07
   265 4.249181e+07
   266 4.250297e+07
   267 4.249044e+07
   268 4.248688e+07
   269 4.250063e+07
   270 4.249449e+07
   271 4.251128e+07
   272 4.250328e+07
   273 4.250267e+07
   274 4.249893e+07
   275 4.250171e+07
   276 4.250146e+07
   277 4.251848e+07
   278 4.252327e+07
   279 4.252711e+07
   280 4.251981e+07
   281 4.252195e+07
   282 4.250425e+07
   283 4.252052e+07
   284 4.251472e+07
   285 4.251506e+07
   286 4.253517e+07
   287 4.252169e+07
   288 4.25239e+07
   289 4.251036e+07
   290 4.251156e+07
   291 4.252896e+07
   292 4.253344e+07
   293 4.254009e+07
   294 4.253434e+07
   295 4.253115e+07
   296 4.253193e+07
   297 4.252611e+07
   298 4.253955e+07
   299 4.253733e+07
   300 4.254401e+07
   301 4.253213e+07
   302 4.253443e+07
   303 4.253178e+07
   304 4.253456e+07
   305 4.25268e+07
   306 4.252075e+07
   307 4.254689e+07
   308 4.254627e+07
   309 4.253287e+07
   310 4.253276e+07
   311 4.25422e+07
   312 4.253982e+07
   313 4.253215e+07
   314 4.254168e+07
   315 4.254791e+07
   316 4.255064e+07
   317 4.254011e+07
   318 4.254598e+07
   319 4.252882e+07
   320 4.254723e+07
   321 4.25439e+07
   322 4.253993e+07
   323 4.254073e+07
   324 4.254594e+07
   325 4.254759e+07
   326 4.252906e+07
   327 4.254531e+07
   328 4.253729e+07
   329 4.25372e+07
   330 4.253882e+07
   331 4.253388e+07
   332 4.253569e+07
   333 4.254346e+07
   334 4.253789e+07
   335 4.254511e+07
   336 4.253527e+07
   337 4.253821e+07
   338 4.254322e+07
   339 4.254464e+07
   340 4.254244e+07
   341 4.255405e+07
   342 4.254381e+07
   343 4.253387e+07
   344 4.254032e+07
   345 4.253775e+07
   346 4.254138e+07
   347 4.254251e+07
   348 4.254362e+07
   349 4.253328e+07
   350 4.253477e+07
   351 4.25451e+07
   352 4.255107e+07
   353 4.254849e+07
   354 4.253445e+07
   355 4.254024e+07
   356 4.253331e+07
   357 4.25435e+07
   358 4.255611e+07
   359 4.253755e+07
   360 4.254268e+07
   361 4.25422e+07
   362 4.25423e+07
   363 4.254584e+07
   364 4.253317e+07
   365 4.252731e+07
   366 4.254495e+07
   367 4.255137e+07
   368 4.254648e+07
   369 4.252683e+07
   370 4.252778e+07
   371 4.255041e+07
   372 4.253247e+07
   373 4.254365e+07
   374 4.253915e+07
   375 4.25491e+07
   376 4.254035e+07
   377 4.254492e+07
   378 4.254706e+07
   379 4.253633e+07
   380 4.253118e+07
   381 4.255321e+07
   382 4.255334e+07
   383 4.25488e+07
   384 4.254742e+07
   385 4.254754e+07
   386 4.255034e+07
   387 4.254312e+07
   388 4.253198e+07
   389 4.25441e+07
   390 4.253668e+07
   391 4.253899e+07
   392 4.254257e+07
   393 4.254976e+07
   394 4.254506e+07
   395 4.253844e+07
   396 4.25413e+07
   397 4.255457e+07
   398 4.254664e+07
   399 4.25353e+07
   400 4.253847e+07
   401 4.253471e+07
   402 4.254147e+07
   403 4.254626e+07
   404 4.253803e+07
   405 4.255427e+07
   406 4.254004e+07
   407 4.25504e+07
   408 4.254107e+07
   409 4.254717e+07
   410 4.254684e+07
   411 4.254717e+07
   412 4.254347e+07
   413 4.254686e+07
   414 4.255157e+07
   415 4.254591e+07
   416 4.255676e+07
   417 4.253856e+07
   418 4.253969e+07
   419 4.254016e+07
   420 4.253848e+07
   421 4.254838e+07
   422 4.254336e+07
   423 4.254324e+07
   424 4.254185e+07
   425 4.254713e+07
   426 4.254098e+07
   427 4.253974e+07
   428 4.254333e+07
   429 4.253669e+07
   430 4.252968e+07
   431 4.254351e+07
   432 4.253583e+07
   433 4.254576e+07
   434 4.25385e+07
   435 4.254742e+07
   436 4.254534e+07
   437 4.253264e+07
   438 4.255378e+07
   439 4.255046e+07
   440 4.254572e+07
   441 4.253499e+07
   442 4.254436e+07
   443 4.254052e+07
   444 4.255258e+07
   445 4.254738e+07
   446 4.253936e+07
   447 4.254327e+07
   448 4.254075e+07
   449 4.255752e+07
   450 4.254748e+07
   451 4.254468e+07
   452 4.255641e+07
   453 4.253996e+07
   454 4.255405e+07
   455 4.254316e+07
   456 4.254323e+07
   457 4.25404e+07
   458 4.253489e+07
   459 4.254312e+07
   460 4.254957e+07
   461 4.25359e+07
   462 4.253606e+07
   463 4.253889e+07
   464 4.253917e+07
   465 4.254783e+07
   466 4.255335e+07
   467 4.254219e+07
   468 4.255894e+07
   469 4.255018e+07
   470 4.254265e+07
   471 4.255375e+07
   472 4.254924e+07
   473 4.255656e+07
   474 4.254389e+07
   475 4.253732e+07
   476 4.255199e+07
   477 4.255286e+07
   478 4.255401e+07
   479 4.253592e+07
   480 4.255397e+07
   481 4.253846e+07
   482 4.253904e+07
   483 4.254115e+07
   484 4.254458e+07
   485 4.25567e+07
   486 4.255619e+07
   487 4.255955e+07
   488 4.254777e+07
   489 4.254837e+07
   490 4.253973e+07
   491 4.255233e+07
   492 4.2545e+07
   493 4.253794e+07
   494 4.254076e+07
   495 4.254591e+07
   496 4.254151e+07
   497 4.254316e+07
   498 4.253642e+07
   499 4.254362e+07
   500 4.254128e+07
   501 4.254747e+07
   502 4.254501e+07
   503 4.254235e+07
   504 4.254809e+07
   505 4.254285e+07
   506 4.253897e+07
   507 4.253041e+07
   508 4.254478e+07
   509 4.253981e+07
   510 4.254437e+07
   511 4.255145e+07
   512 4.254161e+07
   513 4.256313e+07
   514 4.253137e+07
   515 4.253397e+07
   516 4.25517e+07
