4.509716e+07
4.510173e+07
4.509733e+07
4.508857e+07
4.510634e+07
4.5108e+07
4.511026e+07
4.510428e+07
4.510941e+07
4.510976e+07
4.510329e+07
4.510377e+07
4.510312e+07
4.510777e+07
4.510835e+07
4.509152e+07
4.509264e+07
4.507562e+07
4.510507e+07
4.508707e+07
4.510465e+07
4.509674e+07
4.509479e+07
4.509988e+07
4.509029e+07
4.509268e+07
4.508658e+07
4.509363e+07
4.510948e+07
4.511498e+07
4.51008e+07
4.510725e+07
4.509688e+07
4.510953e+07
4.510738e+07
4.510319e+07
4.509338e+07
4.50861e+07
4.510044e+07
4.510859e+07
4.510029e+07
4.509748e+07
4.509108e+07
4.509203e+07
4.510114e+07
4.509887e+07
4.510821e+07
4.510088e+07
4.510099e+07
4.509223e+07
4.510181e+07
4.510591e+07
4.509409e+07
4.509829e+07
4.508756e+07
4.50933e+07
4.509343e+07
4.509787e+07
4.509848e+07
4.509305e+07
4.511283e+07
4.510181e+07
4.510025e+07
4.508231e+07
4.510214e+07
4.509815e+07
4.509993e+07
4.508979e+07
4.50965e+07
4.509498e+07
4.51069e+07
4.509343e+07
4.509988e+07
4.510199e+07
4.51065e+07
4.510022e+07
4.510727e+07
4.510644e+07
4.50957e+07
4.509036e+07
4.510132e+07
4.509889e+07
4.509739e+07
4.510777e+07
4.509317e+07
4.50984e+07
4.509765e+07
4.509758e+07
4.508971e+07
4.510091e+07
4.509861e+07
4.510195e+07
4.510232e+07
4.509911e+07
4.509217e+07
4.510279e+07
4.510103e+07
4.509366e+07
4.510396e+07
4.510723e+07
4.510035e+07
4.509045e+07
4.509479e+07
4.508855e+07
4.508808e+07
4.509486e+07
4.508447e+07
4.509303e+07
4.509406e+07
4.509422e+07
4.509152e+07
4.509253e+07
4.510001e+07
4.509481e+07
4.509178e+07
4.50954e+07
4.509688e+07
4.508935e+07
4.51016e+07
4.509192e+07
4.509467e+07
4.50974e+07
4.510028e+07
4.509244e+07
4.510165e+07
4.508838e+07
4.510135e+07
4.510112e+07
4.509896e+07
4.509383e+07
4.509405e+07
4.509345e+07
4.509274e+07
4.509691e+07
4.509466e+07
4.508686e+07
4.50989e+07
4.509299e+07
4.510186e+07
4.508537e+07
4.509881e+07
4.5087e+07
4.509628e+07
4.509398e+07
4.509788e+07
4.510051e+07
4.509073e+07
4.510663e+07
4.508573e+07
4.508538e+07
4.50969e+07
4.510221e+07
4.509997e+07
4.508916e+07
4.509898e+07
4.510238e+07
4.510044e+07
4.5102e+07
4.509218e+07
4.509095e+07
4.509646e+07
4.510565e+07
4.509376e+07
4.509422e+07
4.508752e+07
4.510081e+07
4.510011e+07
4.509577e+07
4.507984e+07
4.508788e+07
4.509102e+07
4.510014e+07
4.509212e+07
4.509306e+07
4.509876e+07
4.508774e+07
4.50999e+07
4.510202e+07
4.507882e+07
4.509342e+07
4.509003e+07
4.51039e+07
4.509517e+07
4.509345e+07
4.509261e+07
4.508253e+07
4.50795e+07
4.508695e+07
4.50971e+07
4.509271e+07
4.510062e+07
4.508828e+07
4.508751e+07
4.51009e+07
4.508653e+07
4.508024e+07
4.509438e+07
4.507538e+07
4.509225e+07
4.50856e+07
4.50887e+07
4.509807e+07
4.509898e+07
4.509293e+07
4.50856e+07
4.509097e+07
4.508956e+07
4.508584e+07
4.50779e+07
4.509464e+07
4.509677e+07
4.508126e+07
4.508095e+07
4.508274e+07
4.508126e+07
4.507343e+07
4.508914e+07
4.507906e+07
4.508585e+07
4.507851e+07
4.50681e+07
4.508953e+07
4.508678e+07
4.50809e+07
4.508168e+07
4.507761e+07
4.50725e+07
4.507758e+07
4.508094e+07
4.507452e+07
4.508643e+07
4.508074e+07
4.507105e+07
4.506726e+07
4.507457e+07
4.505618e+07
4.507186e+07
4.506173e+07
4.506012e+07
4.506815e+07
4.5056e+07
4.506371e+07
4.506254e+07
4.506427e+07
4.504431e+07
4.50418e+07
4.504088e+07
4.505043e+07
4.504716e+07
4.505029e+07
4.503662e+07
4.503628e+07
4.504075e+07
4.503065e+07
4.503908e+07
4.502222e+07
4.50349e+07
4.502568e+07
4.504349e+07
4.503293e+07
4.503752e+07
4.504366e+07
4.50374e+07
4.503489e+07
4.504275e+07
4.505234e+07
4.50416e+07
4.503798e+07
4.504962e+07
4.504388e+07
4.506085e+07
4.505498e+07
4.505257e+07
4.50497e+07
4.505304e+07
4.505254e+07
4.50681e+07
4.507145e+07
4.507669e+07
4.507106e+07
4.507416e+07
4.50571e+07
4.507091e+07
4.506797e+07
4.506891e+07
4.508381e+07
4.507308e+07
4.507626e+07
4.506153e+07
4.506453e+07
4.50774e+07
4.508293e+07
4.509075e+07
4.508807e+07
4.508193e+07
4.508372e+07
4.50814e+07
4.509252e+07
4.508913e+07
4.509542e+07
4.508522e+07
4.508404e+07
4.508349e+07
4.508405e+07
4.507868e+07
4.507156e+07
4.509897e+07
4.509862e+07
4.508336e+07
4.508326e+07
4.509569e+07
4.509122e+07
4.508081e+07
4.5095e+07
4.510122e+07
4.510063e+07
4.509222e+07
4.509768e+07
4.508201e+07
4.509978e+07
4.509498e+07
4.509093e+07
4.50928e+07
4.509826e+07
4.510154e+07
4.508145e+07
4.509469e+07
4.50881e+07
4.508925e+07
4.509068e+07
4.508837e+07
4.509134e+07
4.509495e+07
4.508954e+07
4.509792e+07
4.508785e+07
4.508998e+07
4.509678e+07
4.509972e+07
4.509564e+07
4.510757e+07
4.509749e+07
4.508649e+07
4.509379e+07
4.508992e+07
4.509161e+07
4.509669e+07
4.509608e+07
4.508346e+07
4.508588e+07
4.510002e+07
4.510419e+07
4.510129e+07
4.508854e+07
4.509066e+07
4.50838e+07
4.509539e+07
4.510905e+07
4.508983e+07
4.50925e+07
4.50933e+07
4.509443e+07
4.509898e+07
4.508468e+07
4.507912e+07
4.509394e+07
4.510415e+07
4.509822e+07
4.507963e+07
4.508073e+07
4.510437e+07
4.508592e+07
4.509479e+07
4.509209e+07
4.509987e+07
4.509442e+07
4.510041e+07
4.510065e+07
4.509369e+07
4.508455e+07
4.510748e+07
4.510643e+07
4.510242e+07
4.510381e+07
4.509906e+07
4.510474e+07
4.50972e+07
4.508329e+07
4.509756e+07
4.509067e+07
4.509352e+07
4.509575e+07
4.510351e+07
4.509963e+07
4.509146e+07
4.509656e+07
4.51074e+07
4.509847e+07
4.508663e+07
4.50908e+07
4.508701e+07
4.509325e+07
4.509945e+07
4.508728e+07
4.510882e+07
4.509318e+07
4.510077e+07
4.509162e+07
4.509989e+07
4.509917e+07
4.510005e+07
4.509518e+07
4.510142e+07
4.5106e+07
4.50994e+07
4.510967e+07
4.508815e+07
4.509331e+07
4.509137e+07
4.509337e+07
4.509553e+07
4.509535e+07
4.509656e+07
4.50956e+07
4.509963e+07
4.509048e+07
4.509504e+07
4.509243e+07
4.509152e+07
4.508435e+07
4.509836e+07
4.508767e+07
4.509735e+07
4.50931e+07
4.50978e+07
4.509893e+07
4.508618e+07
4.510296e+07
4.510207e+07
4.510015e+07
4.508598e+07
4.509524e+07
4.509178e+07
4.510457e+07
4.50987e+07
4.509228e+07
4.50963e+07
4.509174e+07
4.510793e+07
4.509859e+07
4.509466e+07
4.510978e+07
4.509293e+07
4.510661e+07
4.509508e+07
4.509442e+07
4.509429e+07
4.508753e+07
4.509601e+07
4.51021e+07
4.509049e+07
4.508601e+07
4.509155e+07
4.509273e+07
4.510406e+07
4.510608e+07
4.509398e+07
4.510971e+07
4.51036e+07
4.509611e+07
4.51075e+07
4.510195e+07
4.511115e+07
4.509773e+07
4.508989e+07
4.510309e+07
4.510472e+07
4.510514e+07
4.508876e+07
4.510748e+07
4.509291e+07
4.509283e+07
4.509388e+07
4.509872e+07
4.51099e+07
4.510792e+07
4.511338e+07
4.509896e+07
4.509791e+07
4.509032e+07
4.510364e+07
4.509748e+07
4.50916e+07
4.509166e+07
4.509539e+07
4.509391e+07
4.509393e+07
4.509062e+07
4.509603e+07
4.509388e+07
4.509896e+07
4.510173e+07
4.509182e+07
4.509703e+07
4.50957e+07
4.509386e+07
4.508455e+07
4.509868e+07
4.509338e+07
4.509891e+07
4.510218e+07
4.509444e+07
4.51173e+07
4.508529e+07
4.508519e+07
4.510596e+07
